size;array;vector;bst;tiered vector;bittrick tiered vector
0;0.00709534;0.00713126;0.0389332;0.00942321;0.00788959;0.01159
1000;0.00642781;0.0069777;0.0406851;0.00915596;0.00785801;0.0113342
2000;0.00806762;0.00705192;0.0415563;0.00912794;0.00800565;0.0121632
3000;0.00682651;0.00710995;0.0423107;0.00925544;0.0081446;0.0115462
4000;0.00743167;0.00722403;0.0432644;0.00926018;0.00799657;0.0114061
5000;0.00751536;0.00711784;0.043506;0.00990047;0.00869607;0.0113358
6000;0.0068427;0.00813394;0.0440093;0.00946308;0.00811855;0.0114834
7000;0.0103248;0.00711074;0.0449157;0.00933992;0.00810039;0.0117444
8000;0.0105368;0.00711863;0.0446544;0.00928702;0.00798907;0.0116141
9000;0.00981797;0.00710284;0.0453855;0.00929413;0.00856186;0.0114211
10000;0.00650794;0.00699191;0.0453634;0.0092815;0.0091536;0.0116994
11000;0.00642899;0.00708942;0.0455161;0.00940861;0.00884529;0.0117207
12000;0.00647636;0.0071585;0.0457119;0.00948361;0.00840909;0.0120357
13000;0.00642662;0.00699941;0.0472653;0.00951046;0.00807197;0.0120653
14000;0.00637886;0.007091;0.0466961;0.00949782;0.00816276;0.0113777
15000;0.00637807;0.00731364;0.0466554;0.00982073;0.00794762;0.0120531
16000;0.00652018;0.00732706;0.0465555;0.00940032;0.00806881;0.0116066
17000;0.00672822;0.00703139;0.0486268;0.00941058;0.00794999;0.0117156
18000;0.00663348;0.00708034;0.0470288;0.0096123;0.00805973;0.0114578
19000;0.00652965;0.00716363;0.049517;0.00939203;0.00814776;0.0115956
20000;0.0068352;0.00711587;0.0492367;0.00977573;0.0079938;0.011669
21000;0.00664255;0.00703415;0.0483568;0.00940071;0.00805499;0.0115766
22000;0.00652768;0.00702507;0.0484381;0.00955033;0.00810552;0.0115738
23000;0.006654;0.00699231;0.0484721;0.0101701;0.00809328;0.0115652
24000;0.0072789;0.00699073;0.0484638;0.00933439;0.00809052;0.0115707
25000;0.00813394;0.00701915;0.0491139;0.009846;0.00812486;0.0114937
26000;0.00724614;0.00725758;0.0536607;0.00974928;0.00805736;0.0117752
27000;0.00652018;0.00757734;0.0488692;0.00970546;0.00864397;0.0116003
28000;0.00706376;0.00699191;0.0680215;0.00955743;0.00828553;0.0116125
29000;0.00648623;0.00707876;0.0505268;0.00973112;0.0082729;0.0113788
30000;0.00664374;0.00703771;0.051833;0.00960401;0.00818763;0.0115123
31000;0.00634491;0.00740957;0.0516317;0.00950611;0.00831671;0.0119583
32000;0.00657426;0.00722364;0.0494266;0.00978797;0.00813276;0.0114688
33000;0.00682059;0.00692323;0.0520462;0.00947216;0.0080546;0.0114495
34000;0.00662005;0.0074368;0.058416;0.00942124;0.00817539;0.011744
35000;0.0066615;0.007241;0.0507628;0.00939479;0.0103726;0.0118067
36000;0.00683638;0.00712692;0.0490543;0.00949467;0.00845251;0.0113236
37000;0.00633228;0.00693112;0.0495971;0.00964309;0.00971573;0.0123274
38000;0.00635241;0.00749641;0.0533856;0.00943624;0.00862581;0.0118166
39000;0.00632636;0.00726943;0.0488459;0.00944848;0.00813078;0.011562
40000;0.00647163;0.00693428;0.0509622;0.00941729;0.00857291;0.0116066
41000;0.00638794;0.00699428;0.0508489;0.00951993;0.00819473;0.0116792
42000;0.00637649;0.00704323;0.0558721;0.00937229;0.00835066;0.0115146
43000;0.00633701;0.00745417;0.0492959;0.00942282;0.00900635;0.0114602
44000;0.00658847;0.00719087;0.0497605;0.00933834;0.00823421;0.0116058
45000;0.00655058;0.007106;0.0521903;0.00939834;0.00798078;0.0113725
46000;0.00655689;0.00706731;0.0549547;0.00951203;0.00830092;0.011686
47000;0.00642939;0.00726706;0.0493054;0.00933282;0.0083779;0.0118431
48000;0.00648189;0.00702231;0.0489371;0.0101365;0.00844777;0.0114925
49000;0.00648465;0.00759076;0.0515105;0.00974139;0.00818842;0.0116078
50000;0.00643689;0.00697336;0.0513001;0.0105037;0.00825079;0.011849
51000;0.00648544;0.00697533;0.0534148;0.00947848;0.00808499;0.011866
52000;0.00641675;0.00712139;0.0514264;0.00941887;0.00804749;0.0116516
53000;0.00667058;0.00753352;0.0522195;0.0096573;0.00807276;0.0115549
54000;0.00648742;0.00705784;0.0532064;0.00959493;0.00810591;0.0118537
55000;0.00632715;0.00698678;0.0502129;0.00950848;0.00812013;0.0118608
56000;0.00654979;0.00756391;0.0518097;0.00949111;0.00812723;0.0116729
57000;0.00645663;0.00703178;0.0543373;0.0093569;0.00806131;0.0114933
58000;0.00645899;0.00730338;0.0516889;0.00956059;0.00806999;0.0115671
59000;0.00644281;0.00701994;0.0499812;0.00978205;0.00828316;0.0114357
60000;0.00656163;0.00704797;0.0500748;0.00938966;0.00828237;0.0114436
61000;0.00662124;0.0070152;0.0518847;0.0100817;0.00842685;0.0117025
62000;0.0067823;0.00708942;0.0539647;0.00939519;0.0109328;0.0114302
63000;0.00653952;0.00716955;0.0507703;0.00986929;0.0117467;0.0114696
64000;0.00646136;0.00747904;0.0491487;0.0103604;0.00879595;0.0114527
65000;0.0063757;0.00724219;0.0551588;0.00977652;0.00894398;0.0115324
66000;0.00644439;0.00724811;0.052469;0.0095448;0.00844225;0.0113927
67000;0.00634965;0.0078734;0.0500846;0.0100221;0.00810907;0.0117203
68000;0.00652729;0.00697099;0.0514359;0.00951322;0.00806012;0.011489
69000;0.00636544;0.00708468;0.0516601;0.00954598;0.00794604;0.0118952
70000;0.00643333;0.00720113;0.0519293;0.00987126;0.00809289;0.0121458
71000;0.00657387;0.00714903;0.0509519;0.00940821;0.00808341;0.0119911
72000;0.00635438;0.00699349;0.0499449;0.00993561;0.00794012;0.0118873
73000;0.00638517;0.00696744;0.0507628;0.00931821;0.00808618;0.0116761
74000;0.00645939;0.00700534;0.0538565;0.00933558;0.00813118;0.0118904
75000;0.00650794;0.00724022;0.0498059;0.00953848;0.00810591;0.011427
76000;0.00635517;0.00696783;0.0514975;0.00933124;0.00811894;0.011504
77000;0.006519;0.00697849;0.0493725;0.00950374;0.00802381;0.0114475
78000;0.00645584;0.0070981;0.0553025;0.00964744;0.00800841;0.0115403
79000;0.00642031;0.00711903;0.0522009;0.00935966;0.00815486;0.0123002
80000;0.00645544;0.00695046;0.0515752;0.00971218;0.00795867;0.0115399
81000;0.00649413;0.00706692;0.0526332;0.00960914;0.00805499;0.0114878
82000;0.00654189;0.00711547;0.0515685;0.00932532;0.00828;0.0125173
83000;0.00642149;0.00690902;0.0488033;0.00994508;0.0114144;0.0122552
84000;0.00711942;0.00694533;0.0513001;0.00945124;0.00934229;0.0119678
85000;0.00811736;0.00710126;0.0513613;0.00950019;0.00845054;0.0114925
86000;0.0095373;0.00756668;0.0523979;0.00977889;0.00881687;0.0119477
87000;0.00823579;0.00701797;0.0500041;0.00932926;0.00814342;0.0114834
88000;0.00685454;0.00705152;0.0500981;0.00949111;0.00810473;0.0117649
89000;0.00641399;0.00739378;0.048819;0.00954954;0.00798038;0.0117669
90000;0.00638557;0.00717429;0.0614781;0.0100406;0.00822868;0.0115584
91000;0.00643018;0.00691809;0.0525416;0.00979389;0.0119248;0.0121597
92000;0.00635557;0.00708389;0.0504391;0.0094165;0.00802144;0.0115703
93000;0.00666071;0.0072035;0.0508382;0.00987166;0.00811026;0.0117914
94000;0.0105171;0.00695836;0.054695;0.00944177;0.00796538;0.0114527
95000;0.0101677;0.00692481;0.0500929;0.00937663;0.00811776;0.0115194
96000;0.00789788;0.00705152;0.0492533;0.0093415;0.00791643;0.0115478
97000;0.00632872;0.00694139;0.0509519;0.0095752;0.00883345;0.0119852
98000;0.00644123;0.00700613;0.0514197;0.00991547;0.00811065;0.011468
99000;0.00636662;0.0068877;0.0503491;0.00946545;0.00824961;0.012164
100000;0.00642149;0.00715297;0.0505501;0.00973665;0.00803052;0.0118695
101000;0.00634333;0.00688612;0.050466;0.00971218;0.00810789;0.0116461
102000;0.00642228;0.00716679;0.0555228;0.00955467;0.00801117;0.011815
103000;0.00649531;0.0070156;0.0503483;0.00972007;0.00817934;0.0124048
104000;0.00647202;0.00713679;0.0507984;0.00971573;0.00796578;0.0120851
105000;0.00645978;0.0072039;0.0516076;0.00948993;0.00845922;0.0115454
106000;0.00647399;0.00731877;0.053598;0.0101843;0.00837316;0.0119899
107000;0.00880503;0.00706534;0.0499642;0.00933874;0.00806407;0.0117542
108000;0.00634294;0.00696704;0.0492691;0.00941335;0.00804631;0.0118593
109000;0.00641004;0.00704323;0.050663;0.00942637;0.00897517;0.0116386
110000;0.00656045;0.00694928;0.0539726;0.00948006;0.008852;0.0120858
111000;0.00645663;0.00693823;0.0546054;0.0102502;0.00809368;0.0126144
112000;0.00645623;0.00726469;0.048975;0.00967388;0.00795788;0.0118845
113000;0.0063911;0.00699191;0.0487361;0.0101215;0.00804433;0.011423
114000;0.00644676;0.00701047;0.0552457;0.00934703;0.00853383;0.0117574
115000;0.00647834;0.00702073;0.0501774;0.00979547;0.00798551;0.0117381
116000;0.00641478;0.00702705;0.050867;0.00944216;0.0080471;0.0117432
117000;0.00638202;0.00697415;0.053945;0.0094015;0.00815171;0.011609
118000;0.00638636;0.00704836;0.0518287;0.00930952;0.00825237;0.0114594
119000;0.00656834;0.00702468;0.050162;0.00956809;0.00822553;0.0121443
120000;0.00641557;0.00696073;0.0497696;0.00942321;0.00831711;0.0120515
121000;0.00658413;0.00708744;0.0536722;0.00957796;0.00803525;0.0115533
122000;0.00641833;0.0074901;0.0564931;0.00963678;0.00819079;0.0116271
123000;0.00646728;0.00700455;0.0503266;0.00936597;0.00806999;0.0121826
124000;0.0064286;0.00692283;0.0509349;0.00960638;0.00848291;0.0114712
125000;0.00637412;0.00707797;0.0498304;0.00946822;0.00791643;0.0122173
126000;0.00643531;0.00708113;0.0528262;0.00960835;0.00815881;0.0115545
127000;0.00674756;0.00696033;0.0511761;0.00963125;0.00834435;0.0122181
128000;0.00648663;0.00712297;0.0509195;0.00943703;0.00803249;0.0118399
129000;0.00646097;0.00703573;0.050693;0.00943111;0.00857449;0.0113741
130000;0.00642741;0.00712534;0.0522518;0.00957243;0.00805341;0.02186
131000;0.00648386;0.00699033;0.0496595;0.00944335;0.00829737;0.0171213
132000;0.00675624;0.00704718;0.0504348;0.00986929;0.00815368;0.0116145
133000;0.00641557;0.00705626;0.0509215;0.0094319;0.00858199;0.0119947
134000;0.00652689;0.00755405;0.0539982;0.00958664;0.00813671;0.0116185
135000;0.00644557;0.00718377;0.0494767;0.00940782;0.00847817;0.011836
136000;0.00646176;0.00695796;0.0519001;0.00995337;0.00802025;0.0120077
137000;0.00650321;0.00760221;0.0510293;0.00934229;0.00886464;0.0116307
138000;0.00661492;0.00710166;0.0563984;0.00946782;0.00794288;0.0114657
139000;0.00651702;0.00768589;0.049487;0.0101361;0.00814302;0.0116378
140000;0.00650242;0.00695599;0.0503302;0.00932887;0.00810907;0.0123803
141000;0.00649294;0.00736141;0.0497412;0.0094848;0.00833171;0.0116406
142000;0.00642978;0.00698718;0.0547767;0.0100442;0.00805933;0.0120341
143000;0.00816197;0.00708113;0.0496899;0.00951046;0.00837198;0.0116954
144000;0.00972047;0.00694691;0.0500274;0.00938374;0.00811618;0.0121711
145000;0.0080921;0.00711389;0.049502;0.00983258;0.00798038;0.0116038
146000;0.00934979;0.00694336;0.0527046;0.00944216;0.00846712;0.0114337
147000;0.0103094;0.00702152;0.0503716;0.00934742;0.00831869;0.0117077
148000;0.0100114;0.00706692;0.049367;0.0099814;0.00805144;0.0117854
149000;0.00987205;0.0069327;0.0504585;0.009334;0.00796104;0.0117057
150000;0.00983179;0.00703652;0.0526205;0.00995771;0.0084458;0.0113713
151000;0.00993324;0.00704797;0.0507948;0.00954796;0.00801709;0.012168
152000;0.00915636;0.00767089;0.0494846;0.00944966;0.00880937;0.0114949
153000;0.0070077;0.0069406;0.0498513;0.00969875;0.00793577;0.0117949
154000;0.00668282;0.00740128;0.0532107;0.00945401;0.00799894;0.0119307
155000;0.00649847;0.00717034;0.0505615;0.00981402;0.00814815;0.0114329
156000;0.00640096;0.00701836;0.0501944;0.009846;0.00815447;0.0121348
157000;0.00639425;0.00708587;0.0508347;0.00975481;0.00811894;0.0115336
158000;0.00661176;0.00698678;0.0538573;0.00946308;0.00879318;0.0117369
159000;0.00644281;0.00696191;0.0496686;0.00935887;0.00800565;0.0114507
160000;0.00774708;0.00714705;0.0518516;0.00934111;0.00862541;0.0116303
161000;0.00840593;0.00737404;0.0516522;0.00952664;0.00793933;0.0118012
162000;0.00740562;0.00703692;0.0523565;0.00934071;0.00923413;0.0114298
163000;0.00655334;0.00698165;0.0490472;0.00999995;0.00808973;0.0121123
164000;0.00663782;0.00719561;0.0498142;0.00952032;0.00801788;0.0116106
165000;0.00635083;0.00708192;0.050451;0.010069;0.00805933;0.0118273
166000;0.0065336;0.00696783;0.0541885;0.00980336;0.00800209;0.0113828
167000;0.00632399;0.00692244;0.0496311;0.00949072;0.00840593;0.0116003
168000;0.00644912;0.00701718;0.0504297;0.00957085;0.00806881;0.011534
169000;0.00652926;0.00738312;0.0503412;0.00960678;0.00824803;0.0118679
170000;0.00649255;0.00703021;0.0523782;0.00933163;0.00798946;0.0115052
171000;0.00685849;0.00705547;0.0551549;0.00985902;0.0084008;0.011459
172000;0.00637096;0.00702744;0.0520785;0.00939756;0.00813118;0.011787
173000;0.00753826;0.00695362;0.050104;0.0094923;0.0081971;0.0115888
174000;0.00978323;0.00712889;0.0551047;0.00962454;0.00801157;0.0115671
175000;0.00780195;0.00702863;0.0493496;0.00946743;0.00835737;0.0119627
176000;0.00651229;0.00724495;0.0506227;0.0101401;0.00798749;0.0117231
177000;0.00674401;0.00704955;0.0513834;0.00955151;0.00791841;0.0115766
178000;0.00639662;0.00696704;0.0506199;0.00956888;0.00815565;0.0116027
179000;0.00642149;0.0070227;0.0535162;0.00933282;0.00831869;0.0124944
180000;0.00696704;0.00704639;0.0500906;0.00941966;0.00829856;0.0119939
181000;0.00648584;0.00723903;0.0505974;0.00935492;0.00807947;0.0115549
182000;0.00666506;0.0070756;0.053086;0.00945598;0.00802696;0.0117665
183000;0.00718061;0.00711705;0.0527421;0.00941295;0.00818368;0.0115916
184000;0.00887056;0.00701402;0.0497523;0.00967981;0.00850857;0.0116212
185000;0.00752483;0.00704244;0.04986;0.00937269;0.0210535;0.0115707
186000;0.00784972;0.00700849;0.0502145;0.00959691;0.0112821;0.011746
187000;0.00890766;0.00706336;0.0556392;0.00951835;0.00894793;0.0117408
188000;0.00665361;0.00712929;0.0491803;0.00987047;0.00809802;0.0116998
189000;0.00641912;0.00706534;0.0503614;0.00941927;0.00792985;0.0116149
190000;0.00664177;0.00703692;0.0509855;0.00939321;0.00829658;0.0114515
191000;0.0066844;0.00698678;0.0525898;0.00963441;0.00801788;0.011444
192000;0.00678388;0.00700415;0.0516427;0.00976468;0.00831711;0.0117914
193000;0.00684664;0.00704521;0.0506022;0.00939005;0.00823776;0.0116777
194000;0.0067594;0.00719561;0.0508777;0.0101654;0.00822987;0.011545
195000;0.00819513;0.00751062;0.0540586;0.0098985;0.00838382;0.0115407
196000;0.00813039;0.0070081;0.0515835;0.00949388;0.00808776;0.0122426
197000;0.00766497;0.00715297;0.050196;0.0102115;0.00798986;0.0115363
198000;0.00679414;0.00731838;0.0511469;0.0097781;0.00852041;0.011626
199000;0.00653518;0.00701481;0.053487;0.00962099;0.00841027;0.0115596
200000;0.00736693;0.00762668;0.0493638;0.00955112;0.00801709;0.0113465
201000;0.00698915;0.00700455;0.0505844;0.00934466;0.00817579;0.0114005
202000;0.00664177;0.00707047;0.0512926;0.00937861;0.00839882;0.0114566
203000;0.00674282;0.00712889;0.0558149;0.00968652;0.00838935;0.0114436
204000;0.00855199;0.00724732;0.0500077;0.00940979;0.0079867;0.0115762
205000;0.00689244;0.00753312;0.0502903;0.0102392;0.00814657;0.0114641
206000;0.00651347;0.0070831;0.0512393;0.00945361;0.0080317;0.0117081
207000;0.00649334;0.00709534;0.0518563;0.00937426;0.00830566;0.0118703
208000;0.00642386;0.00690467;0.0498434;0.00951125;0.00811657;0.0117432
209000;0.00797604;0.00768826;0.0521559;0.00949072;0.00811065;0.0119694
210000;0.00644715;0.00707797;0.0522459;0.00930123;0.00852278;0.0114491
211000;0.00638517;0.0070381;0.0577046;0.00950809;0.00817263;0.0123669
212000;0.00642307;0.00703692;0.0508145;0.00940387;0.00804473;0.0118032
213000;0.00685138;0.00705152;0.0500002;0.00940466;0.0084379;0.0118715
214000;0.00644241;0.00697968;0.0520572;0.00984284;0.0079717;0.0115316
215000;0.0067598;0.00714429;0.0516013;0.00939242;0.00798196;0.0120614
216000;0.00995416;0.00705942;0.0500862;0.00935492;0.00807907;0.0120211
217000;0.0095444;0.00714784;0.0501454;0.00950572;0.00809802;0.0114981
218000;0.00657979;0.00694336;0.0510364;0.00937505;0.00800762;0.0116003
219000;0.00640017;0.00697099;0.0543618;0.00983139;0.00804433;0.0114716
220000;0.00931071;0.00700534;0.0513775;0.00997903;0.00808341;0.0116267
221000;0.00858752;0.00701836;0.0506432;0.00970862;0.00787301;0.0120562
222000;0.0063832;0.00697415;0.0543962;0.00959138;0.00807631;0.0119706
223000;0.0063757;0.00707126;0.0539481;0.00931742;0.00808223;0.0119019
224000;0.00661926;0.00710679;0.049864;0.00933282;0.00802854;0.0118506
225000;0.00635912;0.00693665;0.0521887;0.00961941;0.00820381;0.0119962
226000;0.00656637;0.00746167;0.0513427;0.00953809;0.00867239;0.0114862
227000;0.00641873;0.00711508;0.0547866;0.00953375;0.00793696;0.0115924
228000;0.00633307;0.00703771;0.0500621;0.00962493;0.00818171;0.0114633
229000;0.00653873;0.0072643;0.0497909;0.00933045;0.00812763;0.0122382
230000;0.00810828;0.0069627;0.0503902;0.00976034;0.00813118;0.0117365
231000;0.00975323;0.00738667;0.052572;0.00985863;0.00798828;0.0115344
232000;0.0097252;0.00699744;0.0505047;0.00943743;0.00824092;0.0120748
233000;0.00804946;0.00711389;0.0504557;0.00967625;0.00793814;0.0120779
234000;0.00854765;0.00717311;0.051837;0.00931505;0.00836172;0.0115387
235000;0.00672861;0.00711587;0.0545181;0.00959967;0.00804039;0.0115186
236000;0.00694415;0.00694889;0.0498123;0.0096052;0.0087091;0.0117554
237000;0.00656202;0.00707165;0.0497147;0.00935808;0.00803644;0.0114144
238000;0.00644597;0.00722442;0.0496157;0.00959335;0.00807473;0.0117412
239000;0.00646965;0.00717982;0.0538048;0.00936203;0.00877147;0.0119035
240000;0.00632793;0.00713797;0.0498466;0.00944729;0.00848764;0.0116682
241000;0.0064661;0.00695875;0.0532526;0.00946427;0.0081217;0.0115474
242000;0.00634807;0.00692954;0.0521338;0.00940387;0.00855988;0.0115841
243000;0.00673966;0.00708508;0.0530331;0.00955348;0.00797722;0.0114416
244000;0.00658097;0.00725877;0.0492785;0.00945716;0.00838698;0.0119347
245000;0.00641004;0.00693073;0.0497759;0.00937387;0.00804907;0.0116496
246000;0.00641794;0.00707915;0.0528045;0.00942756;0.00825632;0.0117432
247000;0.00685928;0.0070681;0.0571188;0.00973862;0.008717;0.0114625
248000;0.00643452;0.00743601;0.0489726;0.00955309;0.00812368;0.0114005
249000;0.00647755;0.00700099;0.0492375;0.00958901;0.0079863;0.0119043
250000;0.00707994;0.00744904;0.0505426;0.00951361;0.00797249;0.0120768
251000;0.0080471;0.00706968;0.0533106;0.00958151;0.00835382;0.0125659
252000;0.00689875;0.00697257;0.0513475;0.00948953;0.00791801;0.01144
253000;0.00674519;0.00754062;0.0496038;0.00976231;0.00806012;0.0116844
254000;0.00857844;0.0071885;0.0496662;0.00936203;0.00804473;0.0118853
255000;0.013955;0.00698955;0.0570347;0.00940624;0.00835422;0.0116946
256000;0.00685217;0.00699586;0.0502177;0.00955348;0.0079567;0.0117416
257000;0.0126353;0.00738035;0.0522507;0.00980257;0.00818802;0.0114467
258000;0.0129788;0.00695165;0.0492592;0.00930874;0.00806525;0.0116398
259000;0.0118754;0.00722442;0.0543709;0.00955822;0.00833093;0.011468
260000;0.00909201;0.00729627;0.0505015;0.00938137;0.00794051;0.0116599
261000;0.00687428;0.00711784;0.0510581;0.00962454;0.00801828;0.0116382
262000;0.00951677;0.00715613;0.0521204;0.00992929;0.00876239;0.0116706
263000;0.00916662;0.00719561;0.0542434;0.00965494;0.00809644;0.011562
264000;0.00758365;0.00713284;0.049804;0.00965573;0.00851093;0.0116102
265000;0.00669308;0.0069856;0.0502686;0.00930874;0.00803683;0.0117712
266000;0.00683204;0.00706494;0.0497116;0.0100438;0.0080767;0.011791
267000;0.00694139;0.00716876;0.0549354;0.00951164;0.00818289;0.011474
268000;0.00670808;0.00740049;0.0574109;0.00961033;0.00841817;0.0119931
269000;0.00967625;0.00701244;0.0519964;0.00956888;0.00845606;0.0120894
270000;0.00884292;0.00699744;0.0512421;0.00958822;0.00826184;0.0115056
271000;0.00749207;0.00725916;0.0549026;0.00940979;0.00807986;0.0114357
272000;0.00672506;0.00712968;0.0506772;0.00974376;0.0080242;0.0115158
273000;0.00683006;0.00714468;0.0516455;0.00968415;0.0080546;0.0114795
274000;0.00965573;0.00696468;0.0529146;0.00938058;0.00807039;0.0122055
275000;0.0085966;0.00696665;0.0548853;0.00969599;0.00794564;0.0119347
276000;0.00679019;0.00724851;0.0497436;0.00947611;0.00800091;0.0116082
277000;0.00801078;0.00700139;0.0504123;0.00975955;0.00803407;0.0117274
278000;0.00871858;0.00702784;0.0491637;0.0101756;0.00866489;0.0117483
279000;0.0072414;0.00707876;0.0581404;0.0094773;0.0088824;0.0114223
280000;0.00669032;0.00708034;0.0504427;0.0096273;0.00808815;0.0122903
281000;0.00647123;0.00742417;0.0496204;0.00956691;0.00818921;0.0115277
282000;0.00953769;0.00713521;0.0504786;0.00947966;0.00802894;0.0115663
283000;0.00661176;0.00699902;0.0537093;0.00968928;0.00839132;0.0114925
284000;0.0064582;0.00701402;0.0507755;0.00956612;0.00795946;0.0114452
285000;0.00643807;0.00696586;0.0505757;0.00983968;0.00829105;0.0117239
286000;0.00640689;0.00698836;0.0492403;0.00950967;0.00833843;0.0126124
287000;0.00651347;0.00703257;0.0560952;0.00942598;0.00861752;0.0115727
288000;0.00637728;0.0070306;0.0499706;0.00941335;0.00795512;0.011474
289000;0.00643018;0.00705152;0.0504802;0.00945322;0.0082504;0.0116796
290000;0.0063307;0.00701284;0.0499946;0.0102258;0.00799104;0.0115403
291000;0.00633149;0.00714982;0.0534215;0.00951677;0.00814144;0.0114483
292000;0.00640728;0.00707205;0.0538956;0.00984679;0.00834672;0.0123515
293000;0.00633267;0.0069252;0.0491897;0.00973231;0.00814184;0.0114728
294000;0.00637688;0.00729627;0.0494657;0.00970428;0.00835382;0.0115837
295000;0.00634372;0.00710876;0.054828;0.00932532;0.00804078;0.0114673
296000;0.00649176;0.00700376;0.0492099;0.00988587;0.0086116;0.0114452
297000;0.00646018;0.0071589;0.0502599;0.00962059;0.00815131;0.0115711
298000;0.0065265;0.0069777;0.0509886;0.00997271;0.00849199;0.0114483
299000;0.00676848;0.00710955;0.0565618;0.00940308;0.00813868;0.0118312
300000;0.00650676;0.00699428;0.0521591;0.00946387;0.00817894;0.0114728
301000;0.00876239;0.00714942;0.0504549;0.00951006;0.00849791;0.0118214
302000;0.0097856;0.00710284;0.0522092;0.00957164;0.00810434;0.0116761
303000;0.00657663;0.00712179;0.0554111;0.00930439;0.00805144;0.01195
304000;0.0064511;0.00696112;0.0508891;0.0098306;0.00796143;0.0120258
305000;0.00633504;0.00697376;0.0515665;0.00948243;0.00820539;0.011941
306000;0.00642386;0.007046;0.0517272;0.00980889;0.00880858;0.011485
307000;0.00642031;0.00696586;0.0587136;0.00952427;0.00806841;0.0115273
308000;0.00647478;0.00709573;0.0502125;0.0097027;0.00881884;0.0120499
309000;0.00638517;0.00759905;0.0503468;0.00959296;0.00864634;0.0115281
310000;0.00650755;0.00702113;0.0527899;0.00937584;0.0080013;0.0116457
311000;0.00690783;0.00714982;0.0638166;0.0099889;0.00871739;0.0116966
312000;0.00635517;0.00697376;0.0516451;0.00962138;0.00809131;0.0116307
313000;0.00632793;0.00712376;0.0495162;0.00944137;0.00808697;0.0120077
314000;0.00646018;0.00708744;0.0499946;0.00956809;0.00828;0.0119161
315000;0.0063303;0.00693665;0.0545924;0.00933005;0.00810394;0.0120349
316000;0.00634333;0.00717508;0.053354;0.00968217;0.00809368;0.0114815
317000;0.00635675;0.00689915;0.0536418;0.00985073;0.00822829;0.0116212
318000;0.00643531;0.00717429;0.0520553;0.00942203;0.0080471;0.0117724
319000;0.00636741;0.00695323;0.0528992;0.00947611;0.00824526;0.0115044
320000;0.00658097;0.0070385;0.0529498;0.00930795;0.00792906;0.0115059
321000;0.00640649;0.00711271;0.0538364;0.00957875;0.00850975;0.0122035
322000;0.00640373;0.00701363;0.0550672;0.00969046;0.00811223;0.0120614
323000;0.00653913;0.00691573;0.0523766;0.00946585;0.00826895;0.011429
324000;0.00632991;0.00698797;0.0496587;0.00973862;0.00798038;0.0115987
325000;0.00638596;0.00770761;0.0495687;0.00946822;0.00837869;0.0115845
326000;0.00640294;0.00701639;0.052709;0.00933005;0.00811657;0.0118111
327000;0.00654466;0.00762787;0.0524666;0.0099135;0.00811026;0.0114017
328000;0.00639504;0.00710797;0.0504616;0.00947216;0.00809368;0.0117917
329000;0.00653913;0.0073168;0.0492801;0.00988389;0.00799222;0.012134
330000;0.00648347;0.00711626;0.0521026;0.00978836;0.00802459;0.0114582
331000;0.00635201;0.00697889;0.0513139;0.00981008;0.00819868;0.0115277
332000;0.00635201;0.00713718;0.051951;0.00938374;0.00809881;0.0114527
333000;0.00646018;0.00705705;0.049965;0.00964546;0.00804196;0.0117657
334000;0.00656281;0.00729035;0.0521425;0.00948045;0.00810118;0.0116544
335000;0.00637294;0.00730219;0.0509369;0.00970073;0.00802973;0.0116232
336000;0.00633149;0.00716126;0.050734;0.00948006;0.00803367;0.0116413
337000;0.0064057;0.00704994;0.0521326;0.00939558;0.00811381;0.0117396
338000;0.00643097;0.00705784;0.0530244;0.00957835;0.00819039;0.0117085
339000;0.00634215;0.00701797;0.0541431;0.00946861;0.00801946;0.0119007
340000;0.00641399;0.00713008;0.049759;0.00958151;0.0079713;0.011701
341000;0.00636899;0.00701047;0.0510415;0.00990047;0.0080317;0.0120294
342000;0.00666624;0.00699152;0.051205;0.00948598;0.00813947;0.011654
343000;0.00632872;0.00703415;0.0569925;0.009364;0.00810749;0.0115557
344000;0.00645544;0.00730535;0.0501837;0.00940269;0.00833014;0.0118008
345000;0.0063607;0.00701323;0.0510624;0.00988942;0.00806881;0.0115896
346000;0.00639386;0.00694257;0.0503503;0.00981205;0.00816394;0.0117314
347000;0.00633149;0.0070981;0.0572483;0.00951875;0.00806447;0.011515
348000;0.00631412;0.00717074;0.0510763;0.00944019;0.00814381;0.0115067
349000;0.00647834;0.00695244;0.0515417;0.00944216;0.00804907;0.0114617
350000;0.00642386;0.00704836;0.0494416;0.0101985;0.00838264;0.0114763
351000;0.00637057;0.00715258;0.0529525;0.00975757;0.00798236;0.0115932
352000;0.00634333;0.00697454;0.0506361;0.00944256;0.0084458;0.0115652
353000;0.00891319;0.00696862;0.0504525;0.00938571;0.00800959;0.0115683
354000;0.00638162;0.0071056;0.0512772;0.00958901;0.0085812;0.0118652
355000;0.0064507;0.00723627;0.0546753;0.0096806;0.00812328;0.0113978
356000;0.00653044;0.00709495;0.0525637;0.00984166;0.00811184;0.011596
357000;0.00637254;0.00701718;0.0522854;0.00968652;0.00795275;0.0116287
358000;0.00645307;0.00701086;0.0520079;0.00943979;0.00810355;0.0119761
359000;0.00642189;0.00694415;0.0536513;0.00977336;0.00797643;0.0114909
360000;0.00641044;0.0072643;0.0535802;0.0093719;0.00813355;0.0115731
361000;0.00649176;0.00714508;0.0524686;0.00996995;0.00813197;0.0116666
362000;0.00637096;0.007151;0.0518685;0.00936479;0.0079267;0.0117558
363000;0.00641399;0.00704323;0.0514004;0.00944808;0.00846041;0.0115644
364000;0.00640886;0.00706218;0.0507664;0.00953533;0.00822592;0.0115778
365000;0.00656045;0.00701876;0.0499121;0.00935097;0.00821803;0.0118273
366000;0.00737088;0.00748615;0.0520272;0.00999758;0.00802341;0.0117302
367000;0.00665558;0.00711468;0.0527532;0.0097552;0.00868897;0.0116536
368000;0.0066694;0.0073693;0.0509326;0.00937703;0.00807749;0.0117795
369000;0.00679414;0.00707363;0.0496113;0.0094169;0.00861397;0.0116169
370000;0.00983929;0.00702034;0.0504652;0.00953138;0.00809328;0.0118079
371000;0.00942914;0.00753589;0.0564572;0.00998416;0.00803446;0.0116658
372000;0.00959375;0.00691099;0.0506574;0.0095144;0.00836053;0.0118478
373000;0.00684822;0.00707323;0.0504091;0.00958467;0.00795275;0.0116307
374000;0.00818289;0.0069556;0.0505481;0.00949388;0.00819789;0.0117716
375000;0.00651386;0.00749957;0.0556203;0.00990403;0.00838422;0.0119291
376000;0.00687625;0.00696823;0.0532297;0.00943545;0.00829184;0.0116244
377000;0.00664729;0.00695007;0.050912;0.00936479;0.00804078;0.0119962
378000;0.00649176;0.00724574;0.050151;0.00936795;0.00812486;0.0120622
379000;0.00743483;0.00710639;0.0555378;0.00948993;0.00794762;0.0115881
380000;0.00691967;0.00691928;0.0532668;0.00955585;0.00807789;0.0117799
381000;0.0064886;0.0077534;0.052617;0.00947453;0.00800525;0.0114823
382000;0.0065261;0.00700376;0.0500191;0.00966678;0.00793499;0.0114562
383000;0.00643847;0.00707086;0.0524042;0.00952072;0.00809644;0.0117381
384000;0.00673572;0.00760971;0.0495474;0.00960401;0.00803881;0.0114882
385000;0.00759786;0.00703968;0.0499283;0.00947572;0.00811657;0.0115821
386000;0.00664255;0.00735627;0.0506112;0.00954914;0.00814973;0.0123484
387000;0.00638083;0.00706376;0.0563699;0.00932176;0.0079863;0.0114448
388000;0.00649373;0.00693388;0.049802;0.0095752;0.00875726;0.0121111
389000;0.0063603;0.00703731;0.0509701;0.00968849;0.00800091;0.0117878
390000;0.00635478;0.00698323;0.0512247;0.00993166;0.00834237;0.0115083
391000;0.0064286;0.00699428;0.0561122;0.00941098;0.00810276;0.0113733
392000;0.00637807;0.00706929;0.050387;0.00995219;0.00805183;0.0115419
393000;0.00633109;0.00693783;0.050085;0.00951282;0.00799657;0.0119275
394000;0.00636267;0.00695362;0.0500969;0.00951085;0.0080013;0.0120025
395000;0.00642189;0.00772655;0.0545817;0.00990166;0.00844383;0.0114483
396000;0.00634215;0.0071135;0.0539134;0.00955585;0.00816039;0.0114732
397000;0.00644281;0.0071356;0.0505019;0.00983929;0.0081975;0.0115324
398000;0.00669585;0.00697178;0.0502228;0.00930755;0.00853817;0.0114104
399000;0.0086712;0.00698126;0.0549717;0.00939795;0.00833645;0.0118652
400000;0.0102044;0.00699152;0.0499228;0.00944887;0.00809684;0.0114594
401000;0.0104993;0.00701718;0.0501569;0.00936755;0.00865936;0.0116721
402000;0.00732982;0.0073164;0.0528282;0.00944808;0.0080467;0.0117483
403000;0.00659755;0.0069552;0.0542639;0.00939203;0.00838461;0.0115217
404000;0.00660466;0.00693823;0.0503456;0.00944295;0.00807591;0.0120527
405000;0.0065265;0.00693546;0.0505351;0.00950256;0.0081217;0.0116777
406000;0.00640728;0.00708152;0.0515981;0.00949822;0.00791169;0.0119895
407000;0.00666506;0.00699231;0.0573296;0.00945085;0.00805144;0.0114811
408000;0.00633938;0.00753076;0.0513471;0.00978284;0.00799854;0.0123397
409000;0.00644715;0.00701047;0.0497669;0.00945006;0.00813907;0.0120057
410000;0.00648189;0.00694375;0.0512657;0.00992337;0.00814815;0.0126022
411000;0.00636188;0.00705626;0.0564552;0.00952111;0.00814302;0.0121644
412000;0.00836566;0.00733377;0.0549397;0.00944808;0.00805499;0.0115127
413000;0.00770011;0.00727022;0.0611015;0.00943387;0.00862502;0.0115213
414000;0.00634451;0.00709889;0.0750979;0.00954875;0.0081296;0.0117771
415000;0.00728916;0.00707915;0.0522929;0.00972678;0.00914333;0.011999
416000;0.00894003;0.00695283;0.0509977;0.0098835;0.00814184;0.0118289
417000;0.00647794;0.00691178;0.0516625;0.00993166;0.00798354;0.0118411
418000;0.00695796;0.00709613;0.0575234;0.00976468;0.00803565;0.0113824
419000;0.00640846;0.0070006;0.0502836;0.0095519;0.0080242;0.011474
420000;0.00835579;0.00713679;0.0512709;0.00939834;0.00802025;0.0117029
421000;0.00943861;0.00734048;0.0505631;0.00941729;0.00885595;0.0121233
422000;0.00997903;0.00692678;0.0568326;0.00978521;0.00795985;0.0117874
423000;0.00880345;0.0074147;0.0517122;0.0101369;0.00824526;0.0114562
424000;0.00645702;0.00722048;0.0539023;0.00955664;0.00799973;0.0120329
425000;0.00667808;0.00714942;0.0536347;0.00941887;0.0080242;0.0114637
426000;0.00678704;0.00695796;0.0648975;0.00931308;0.00828277;0.0119244
427000;0.00655571;0.00694099;0.0658425;0.00951796;0.00791169;0.0119311
428000;0.0064965;0.007046;0.0530714;0.00936321;0.00857173;0.0118612
429000;0.00642189;0.00692994;0.0529265;0.0095677;0.00806486;0.0121218
430000;0.00640728;0.00716837;0.0509606;0.00941532;0.00809644;0.0115758
431000;0.00705863;0.00740325;0.0505844;0.00930518;0.0079938;0.0115537
432000;0.0110007;0.00724495;0.050927;0.00935532;0.00802973;0.0114234
433000;0.00797959;0.00711508;0.0519499;0.0100943;0.00802065;0.0116508
434000;0.00728127;0.00705113;0.051951;0.00974652;0.00806723;0.0120436
435000;0.0101286;0.00706534;0.0516147;0.00934387;0.00799815;0.011489
436000;0.00966323;0.00733298;0.050492;0.00953019;0.00808144;0.0125635
437000;0.00639899;0.00710481;0.060297;0.00939479;0.00835737;0.0115561
438000;0.00845014;0.00691809;0.0587195;0.0095144;0.0088599;0.0115154
439000;0.00900438;0.007046;0.0523193;0.00999522;0.00809723;0.0115308
440000;0.00819947;0.00707284;0.0527271;0.0094319;0.00819908;0.0117321
441000;0.00725956;0.00777156;0.0558583;0.00983534;0.00807039;0.0118
442000;0.00631293;0.00698441;0.0526494;0.00940269;0.0080542;0.0115817
443000;0.00639544;0.00705271;0.0537823;0.00932966;0.00801828;0.0114684
444000;0.00699349;0.00946308;0.0498908;0.0103671;0.00803565;0.0114973
445000;0.00634807;0.00922031;0.0568527;0.00936084;0.00806368;0.0119054
446000;0.00647044;0.00711271;0.0507312;0.00945243;0.00805973;0.0121198
447000;0.00632991;0.00748299;0.0533722;0.00947019;0.00797841;0.0117732
448000;0.00641281;0.00720469;0.069989;0.00980336;0.00796459;0.0113678
449000;0.00632754;0.00703494;0.0571512;0.00944532;0.00826974;0.0114834
450000;0.00643176;0.00719166;0.0512985;0.00942598;0.00847027;0.0114791
451000;0.00637925;0.00740364;0.0509614;0.00975718;0.00798828;0.0118683
452000;0.00666861;0.00701599;0.0546125;0.00987047;0.00811065;0.0116354
453000;0.00748615;0.00708547;0.053849;0.00954914;0.00824803;0.0115474
454000;0.00636149;0.00710758;0.0543484;0.00967625;0.00793183;0.0118644
455000;0.0064136;0.00692481;0.0522826;0.00956967;0.00797407;0.0114984
456000;0.00632951;0.00700613;0.065068;0.00959809;0.00801986;0.0121901
457000;0.00712179;0.00707244;0.0626166;0.00955704;0.00798236;0.0119429
458000;0.00641162;0.00702073;0.0564734;0.00950374;0.00821842;0.0118944
459000;0.00676967;0.00702823;0.0514702;0.0100157;0.00839014;0.0117065
460000;0.00683914;0.00696862;0.0595619;0.00935295;0.00809091;0.0116323
461000;0.00641044;0.00701363;0.0606826;0.0101496;0.00824289;0.0115288
462000;0.00719127;0.00716758;0.0531511;0.0106908;0.00829145;0.0119236
463000;0.00642307;0.00714311;0.068391;0.00953335;0.008265;0.0118573
464000;0.00641912;0.0069706;0.0537397;0.00941848;0.00860804;0.0114495
465000;0.00659953;0.00707086;0.051936;0.00993442;0.00819987;0.0117416
466000;0.00706929;0.00697139;0.0510924;0.00944098;0.00794209;0.0114827
467000;0.00632872;0.00714232;0.0572897;0.00988547;0.00873042;0.0116485
468000;0.00638952;0.00758918;0.0531866;0.00960125;0.00801157;0.0118952
469000;0.00659558;0.0070081;0.0530828;0.00935295;0.00803841;0.0121443
470000;0.00642149;0.00717705;0.0606234;0.00959375;0.0085512;0.0116173
471000;0.00652768;0.00719284;0.0537799;0.00939874;0.00805499;0.011667
472000;0.0063153;0.00702231;0.0516901;0.00957638;0.00810868;0.0118127
473000;0.00661097;0.00708468;0.0529758;0.00968652;0.00812328;0.0115194
474000;0.00660111;0.00702113;0.0528013;0.00939361;0.00857883;0.0115434
475000;0.00634096;0.00690546;0.0516644;0.00956848;0.00809368;0.0115825
476000;0.00637886;0.00693191;0.0518429;0.00942164;0.00794249;0.0114803
477000;0.00653834;0.00731482;0.0511753;0.00949506;0.00801709;0.0114933
478000;0.00750904;0.00706336;0.0557052;0.00961151;0.00819947;0.0114704
479000;0.0063457;0.00695599;0.0731088;0.00951203;0.00805341;0.0123164
480000;0.00646018;0.00689915;0.0556092;0.00957401;0.00836053;0.0114878
481000;0.00639386;0.00705823;0.0707165;0.00939637;0.00798433;0.0118454
482000;0.00643333;0.00703297;0.0591731;0.0100453;0.0080092;0.0116642
483000;0.00636465;0.00703257;0.0524311;0.00972678;0.00811499;0.0115482
484000;0.00641241;0.00758563;0.0522349;0.0096956;0.00843672;0.0116129
485000;0.0068802;0.00695165;0.0545095;0.00957441;0.00842606;0.011562
486000;0.00635636;0.00689204;0.0517126;0.0111061;0.0084383;0.0113757
487000;0.00646018;0.00697218;0.0506105;0.00940308;0.00833922;0.0117823
488000;0.00649413;0.00750549;0.0524642;0.00939361;0.00806368;0.0116694
489000;0.00646097;0.00705231;0.053041;0.00980929;0.00804946;0.0117191
490000;0.006669;0.00734206;0.0540807;0.00945677;0.00854962;0.0116117
491000;0.00654979;0.00710521;0.0518105;0.00997706;0.00848093;0.0115521
492000;0.00647518;0.00713245;0.0513806;0.00943269;0.00805302;0.0115261
493000;0.00640925;0.00692796;0.0519076;0.00946782;0.00802854;0.0114077
494000;0.00642662;0.00699586;0.0549161;0.00944927;0.00794091;0.0115758
495000;0.00636978;0.00727022;0.0514233;0.00948835;0.00803328;0.0122848
496000;0.00672743;0.00709139;0.051154;0.0099439;0.00801512;0.0115056
497000;0.00686993;0.00720508;0.0559882;0.00936834;0.00807828;0.0115569
498000;0.00653992;0.00756155;0.0531795;0.00948361;0.00813552;0.0118158
499000;0.00681309;0.00736614;0.052816;0.00943427;0.00840514;0.0121443
500000;0.00635399;0.00707323;0.0534985;0.00945006;0.00812605;0.0113852
501000;0.00661729;0.00706336;0.0550779;0.00929255;0.00812131;0.0121731
502000;0.00650992;0.00713363;0.0550226;0.00951322;0.00800328;0.0115991
503000;0.00657703;0.00707126;0.0508959;0.00938058;0.00800367;0.0122173
504000;0.00637412;0.00708113;0.0506231;0.00945795;0.00870318;0.0114566
505000;0.00670019;0.00704165;0.0522716;0.00946308;0.00797249;0.0119023
506000;0.00634136;0.0070306;0.0548395;0.0101156;0.00794288;0.0119414
507000;0.006609;0.00692994;0.0511907;0.00944611;0.00832895;0.0117708
508000;0.00634886;0.007121;0.0512223;0.00959533;0.00796538;0.0115711
509000;0.00644044;0.00706455;0.0559535;0.00931387;0.00806249;0.0118746
510000;0.00647123;0.00700376;0.051323;0.00945874;0.00845133;0.0122062
511000;0.00651742;0.00693783;0.0526458;0.00954638;0.00813868;0.011965
512000;0.00751852;0.00738351;0.0504087;0.0094619;0.00810434;0.011669
513000;0.00645741;0.00704007;0.0543204;0.00930439;0.0080167;0.0118825
514000;0.00668085;0.00706613;0.0519522;0.0100205;0.0080392;0.0120132
515000;0.00637965;0.00720192;0.0533824;0.00935966;0.00816236;0.0115936
516000;0.00661887;0.00726114;0.0544092;0.0097627;0.00857686;0.0122524
517000;0.00644202;0.00700099;0.0540259;0.00982744;0.00807433;0.0117298
518000;0.00636149;0.00692638;0.053337;0.00930479;0.00866213;0.0119382
519000;0.00641794;0.00706534;0.0497909;0.0101733;0.00800604;0.0116808
520000;0.00633465;0.00701757;0.0510617;0.00958862;0.00815526;0.0114057
521000;0.0065486;0.00713126;0.0575897;0.00948401;0.00829263;0.011665
522000;0.00641952;0.00711745;0.0510028;0.00950414;0.008145;0.0116398
523000;0.00651702;0.00697336;0.0504281;0.00935571;0.00854607;0.0116856
524000;0.00650992;0.00704836;0.0502477;0.00970783;0.0081671;0.0115956
525000;0.00652097;0.0069481;0.0592801;0.00963599;0.00805775;0.0116907
526000;0.00646413;0.00699744;0.052739;0.00949388;0.00804907;0.0119674
527000;0.00637886;0.00698757;0.0523758;0.00988232;0.00824842;0.011725
528000;0.00649728;0.00714429;0.0504699;0.00998969;0.00811539;0.0120456
529000;0.00645228;0.00704047;0.0551944;0.00945479;0.00825316;0.011579
530000;0.00640491;0.00706692;0.0506697;0.00957993;0.0081142;0.0122208
531000;0.00648426;0.0069173;0.0511193;0.00939992;0.00821052;0.0119702
532000;0.00635241;0.00693112;0.0503831;0.00943427;0.0080542;0.011774
533000;0.00637215;0.00701323;0.0551616;0.00938413;0.00794801;0.0119947
534000;0.00631451;0.00728877;0.0530544;0.00958467;0.0080542;0.0123034
535000;0.00641636;0.00705942;0.0508655;0.00939795;0.00811776;0.0126073
536000;0.00643807;0.00721377;0.0512369;0.00939637;0.00806525;0.01138
537000;0.00628806;0.00718337;0.0554363;0.00996127;0.00817184;0.0114755
538000;0.00695994;0.00760221;0.0521216;0.00961507;0.00799183;0.0114353
539000;0.00636228;0.00717666;0.0519739;0.00942835;0.00794367;0.0115798
540000;0.00697731;0.00700139;0.0499974;0.00969046;0.00829856;0.0116623
541000;0.00642899;0.00705271;0.0587728;0.00949467;0.00976863;0.0114921
542000;0.00671874;0.00706771;0.0508816;0.00950651;0.00796696;0.0114811
543000;0.00657466;0.0069856;0.0514043;0.00932808;0.00885358;0.0115119
544000;0.00632715;0.00712139;0.0512184;0.00940624;0.00798788;0.0120116
545000;0.00642268;0.00709652;0.0543326;0.00952269;0.00795828;0.0117408
546000;0.00629162;0.00701718;0.0513854;0.00965059;0.00804749;0.0116129
547000;0.00653202;0.00757536;0.052092;0.00948559;0.00805775;0.0117989
548000;0.00634333;0.00701639;0.051096;0.0094619;0.00858317;0.0115316
549000;0.00652452;0.00693428;0.0572447;0.00971889;0.00803802;0.0116654
550000;0.00646531;0.00728719;0.0540843;0.00999166;0.00878568;0.0114495
551000;0.00651229;0.00729627;0.0510723;0.00957401;0.00813986;0.0116153
552000;0.00637531;0.00700889;0.050029;0.0102076;0.0080088;0.0117704
553000;0.0063832;0.00700534;0.0599271;0.00943269;0.00797051;0.0115529
554000;0.00646413;0.00722008;0.0528199;0.00944098;0.00843988;0.0115296
555000;0.00640254;0.00722837;0.050918;0.010116;0.00803052;0.0118119
556000;0.00656202;0.00709534;0.0514639;0.00934426;0.00805815;0.0119698
557000;0.00744865;0.00702192;0.0565543;0.00948085;0.00802341;0.0118549
558000;0.00692362;0.00721535;0.0505544;0.00941492;0.00801236;0.0115162
559000;0.00634372;0.00728916;0.0514821;0.0093715;0.00801591;0.0115356
560000;0.00638123;0.00700534;0.0512413;0.0099589;0.00810118;0.0120393
561000;0.00647123;0.00731917;0.0538056;0.00959414;0.0083933;0.0113871
562000;0.00659755;0.00702349;0.0531377;0.00955585;0.0225907;0.0115841
563000;0.00640886;0.00694731;0.0510913;0.00945164;0.0129144;0.0116524
564000;0.00644083;0.00700257;0.0518172;0.00949703;0.00812447;0.0117053
565000;0.00639307;0.00697454;0.0577986;0.00932729;0.00869528;0.0116358
566000;0.00649255;0.00704442;0.0515326;0.00959296;0.00804512;0.0121103
567000;0.00646689;0.00715771;0.0501746;0.00941019;0.00857646;0.0117373
568000;0.00663032;0.00694731;0.0520367;0.00936637;0.00822434;0.0115241
569000;0.00693033;0.00725206;0.0523817;0.00952704;0.00798709;0.0119666
570000;0.00643531;0.0070002;0.0511931;0.00947059;0.00804078;0.011832
571000;0.00634807;0.00728443;0.0533445;0.00958822;0.00814776;0.0120179
572000;0.00644123;0.00707008;0.0532601;0.00945124;0.00806604;0.0115869
573000;0.00631096;0.00699191;0.0522483;0.0102577;0.00811144;0.0124261
574000;0.00677401;0.00755405;0.051289;0.00962375;0.00804591;0.0120073
575000;0.00647439;0.00711034;0.0511473;0.00985981;0.00802854;0.0115284
576000;0.00677282;0.00698007;0.0522562;0.00934189;0.00794051;0.0116058
577000;0.00633978;0.00696112;0.0514947;0.00954677;0.00803723;0.0115379
578000;0.00643294;0.00701915;0.0509701;0.00944414;0.00806525;0.011611
579000;0.006594;0.00701047;0.0504727;0.00961546;0.00826105;0.0114057
580000;0.00646413;0.00698678;0.0533982;0.00931071;0.00826066;0.0120985
581000;0.00640886;0.00708626;0.0533185;0.00973428;0.00804867;0.0115533
582000;0.00683322;0.0070906;0.050102;0.00945914;0.00851488;0.0114641
583000;0.00669703;0.00692204;0.0505031;0.010075;0.00808223;0.0118936
584000;0.00640017;0.00696191;0.0555642;0.0094469;0.00828316;0.0115178
585000;0.00634965;0.00699862;0.0511975;0.00933834;0.00825711;0.0115016
586000;0.00651702;0.00707837;0.0515531;0.00965809;0.00837514;0.0114471
587000;0.00639267;0.00767524;0.0513407;0.00942795;0.00806328;0.0118754
588000;0.00640373;0.00695323;0.0568985;0.00931426;0.00796736;0.0119781
589000;0.00646689;0.00748023;0.0510968;0.00937821;0.00795867;0.0115683
590000;0.00641478;0.00750431;0.0552938;0.00929966;0.00829184;0.012074
591000;0.00643215;0.00771787;0.0530812;0.009439;0.00806091;0.0115391
592000;0.00649057;0.00695954;0.0568622;0.00951006;0.00867594;0.0116579
593000;0.00637215;0.00708626;0.0504415;0.00934861;0.00804986;0.0115502
594000;0.00675269;0.00697968;0.0509432;0.0104247;0.00817737;0.0117373
595000;0.0064965;0.00694375;0.0497653;0.0100276;0.0079792;0.0120444
596000;0.00628609;0.00709139;0.0565965;0.00969402;0.00832935;0.0115569
597000;0.00631491;0.00717942;0.0518575;0.00954283;0.00804157;0.0120444
598000;0.0067298;0.00702626;0.0508536;0.00941414;0.00819237;0.0114594
599000;0.00663466;0.00686678;0.0509642;0.00946585;0.00854962;0.0115983
600000;0.0063986;0.00735272;0.0548442;0.00941058;0.00807157;0.0118198
601000;0.00639544;0.00713284;0.0507609;0.00945006;0.00851607;0.0118557
602000;0.00633899;0.00704363;0.0501849;0.00974218;0.00808697;0.0116181
603000;0.00632636;0.00695244;0.0502935;0.00931703;0.00817973;0.0117878
604000;0.00644202;0.00764326;0.0536627;0.00975165;0.00805933;0.011564
605000;0.00648663;0.00705034;0.050689;0.00973626;0.00805144;0.0118119
606000;0.00642149;0.00728245;0.0509377;0.00938019;0.0081221;0.0117361
607000;0.00701284;0.0071285;0.0507541;0.0101654;0.00803644;0.0118364
608000;0.00641044;0.00708429;0.0590101;0.00939874;0.00799104;0.0115352
609000;0.00642583;0.00741707;0.0553041;0.00945401;0.00834553;0.0117981
610000;0.0063911;0.00684467;0.0522309;0.00973073;0.00815565;0.0116658
611000;0.00683125;0.00799301;0.0505749;0.00950967;0.0083554;0.0117527
612000;0.00631728;0.00695599;0.0605429;0.0102151;0.00797999;0.0116058
613000;0.00652255;0.00706455;0.0492896;0.00982823;0.0081217;0.0117866
614000;0.0063153;0.00711547;0.052523;0.00942479;0.00820105;0.0118158
615000;0.00672861;0.00756076;0.050524;0.00949467;0.00799144;0.0117456
616000;0.0065036;0.00779564;0.0546887;0.00934979;0.00807591;0.0114645
617000;0.00653873;0.00707955;0.051036;0.00972757;0.00821921;0.0114657
618000;0.00636583;0.00704797;0.0513407;0.00960954;0.00815171;0.0115209
619000;0.0067744;0.00694849;0.0513826;0.00996837;0.00805341;0.0116038
620000;0.00636662;0.00713166;0.0551616;0.00937387;0.00801275;0.0115316
621000;0.00643215;0.00723785;0.0504948;0.00950414;0.00796538;0.0122133
622000;0.00634254;0.00714074;0.0499236;0.00928544;0.00817381;0.0116125
623000;0.00651584;0.00761365;0.0514193;0.00944769;0.00850028;0.0116406
624000;0.00665992;0.00709376;0.0515219;0.00958862;0.00800407;0.0116346
625000;0.00633701;0.00707837;0.0513846;0.0100726;0.00800012;0.0113745
626000;0.00649886;0.00696586;0.0501667;0.00958546;0.0080621;0.0116007
627000;0.00655926;0.00695718;0.0513254;0.00935571;0.00817973;0.0118585
628000;0.00669427;0.00708429;0.0544822;0.00948124;0.00821566;0.0115016
629000;0.00632675;0.00715376;0.0500096;0.00949467;0.00810118;0.0115328
630000;0.00649176;0.00754141;0.0511248;0.00937742;0.00822513;0.0115462
631000;0.00640452;0.00705626;0.0522443;0.00998811;0.0080163;0.0117262
632000;0.0063836;0.00704718;0.0534791;0.00942637;0.00810078;0.0117712
633000;0.00684704;0.00688415;0.0500428;0.00971849;0.00846396;0.0121514
634000;0.00635636;0.00705231;0.0508603;0.00954954;0.00838738;0.0115198
635000;0.00635596;0.00707047;0.0515677;0.00994153;0.0080917;0.011877
636000;0.00631688;0.00706613;0.0567402;0.00984284;0.00824329;0.0120772
637000;0.00643491;0.00692559;0.0503914;0.00942598;0.00804394;0.0114578
638000;0.00634412;0.00699586;0.0497996;0.00951953;0.00825908;0.0116185
639000;0.00637333;0.00719561;0.0497625;0.00983534;0.00821131;0.0119212
640000;0.00636465;0.0071135;0.0557494;0.00952072;0.00803881;0.0114665
641000;0.00649689;0.00710008;0.0527662;0.00941374;0.00803604;0.0115995
642000;0.00667848;0.00708784;0.0510999;0.00986771;0.00833132;0.0124995
643000;0.00637965;0.00793064;0.0550542;0.0092965;0.00802262;0.01141
644000;0.00647163;0.00694099;0.0530311;0.00999403;0.00880779;0.0115032
645000;0.00641715;0.00728482;0.0496587;0.0093415;0.00794525;0.0119343
646000;0.00633346;0.00732035;0.0515429;0.00964151;0.0080546;0.0115134
647000;0.00637886;0.00695599;0.0516037;0.00963994;0.0079867;0.0114692
648000;0.0063378;0.00717982;0.0518693;0.00960046;0.00842922;0.0115221
649000;0.00644597;0.0071739;0.0507976;0.00945164;0.00801788;0.0120752
650000;0.00632043;0.00699784;0.0500009;0.00935255;0.00811539;0.0113986
651000;0.00634767;0.00702231;0.050151;0.0101736;0.00840514;0.0115182
652000;0.0064282;0.00721416;0.0541755;0.00949506;0.00801749;0.0115328
653000;0.00631254;0.00716679;0.0499579;0.00933479;0.00828;0.0119465
654000;0.00645939;0.00691415;0.0515433;0.0101646;0.00810749;0.0115095
655000;0.00709337;0.00755247;0.0534097;0.00979942;0.00858238;0.0119718
656000;0.00655216;0.00732943;0.0530666;0.00939321;0.00812881;0.0117921
657000;0.00672901;0.00698757;0.0500866;0.0094015;0.00836369;0.0119639
658000;0.00701323;0.00693191;0.0498754;0.0094923;0.00805341;0.0115521
659000;0.00635715;0.00709889;0.0520738;0.00945322;0.00839922;0.0116094
660000;0.00637017;0.00688888;0.0583595;0.00945835;0.00799538;0.0116867
661000;0.00650242;0.00729982;0.0499496;0.00954559;0.00870594;0.011444
662000;0.00658926;0.00710047;0.0511757;0.00959809;0.00841698;0.0115044
663000;0.0064811;0.00765589;0.0501245;0.0107314;0.0079263;0.0119887
664000;0.00674164;0.00701757;0.0531843;0.00944374;0.0079338;0.0119654
665000;0.00647163;0.00703021;0.0515519;0.00949072;0.00856067;0.0117507
666000;0.00662874;0.00704047;0.0501881;0.00941177;0.00842764;0.0115399
667000;0.00640294;0.00720863;0.0503491;0.00945914;0.00837159;0.0115841
668000;0.00662992;0.00710363;0.0524303;0.00936795;0.00833132;0.0118024
669000;0.00632833;0.00713284;0.0507241;0.00986574;0.00819434;0.0121577
670000;0.00641912;0.00703336;0.0505741;0.00967231;0.0079488;0.0115596
671000;0.00672545;0.00704363;0.0506108;0.00950414;0.00808697;0.011821
672000;0.00636741;0.0073314;0.0554478;0.00977336;0.00857409;0.0117049
673000;0.00642702;0.00720153;0.0522661;0.0101073;0.00793538;0.011592
674000;0.00669979;0.0076401;0.0546812;0.00938848;0.00802341;0.0114752
675000;0.00637136;0.00703534;0.0497969;0.00961862;0.00823105;0.011817
676000;0.00632675;0.00704165;0.0562085;0.00935176;0.00806131;0.0122051
677000;0.00642307;0.00691573;0.0506673;0.00999719;0.00804236;0.0117823
678000;0.00647755;0.00700613;0.0512902;0.00989929;0.00802894;0.0117917
679000;0.00636228;0.00701402;0.0512642;0.00954164;0.00803881;0.0116721
680000;0.00655295;0.00696389;0.0553858;0.00961625;0.00809131;0.0115588
681000;0.00635952;0.00776208;0.0536149;0.0095519;0.00811618;0.0119666
682000;0.00709652;0.00713284;0.0522005;0.0095598;0.00807947;0.0115142
683000;0.00639267;0.00711152;0.0532451;0.00988429;0.0079642;0.0119244
684000;0.00701836;0.00699547;0.0557608;0.00937466;0.00810749;0.0120985
685000;0.00673809;0.00708231;0.0514979;0.00958546;0.00809723;0.0119879
686000;0.00645741;0.00715376;0.0508228;0.00933676;0.00807828;0.0113765
687000;0.00648663;0.00722798;0.0517702;0.00936005;0.00806565;0.0121905
688000;0.00636662;0.0069927;0.0519731;0.00952704;0.00839922;0.0119907
689000;0.00635478;0.00738864;0.0515709;0.00942993;0.00809407;0.011609
690000;0.00673295;0.00698876;0.0503997;0.00939992;0.00814223;0.0115103
691000;0.00656913;0.00710087;0.0508445;0.0094244;0.00802578;0.0114128
692000;0.00635754;0.00719363;0.0539682;0.00971257;0.00804789;0.0119753
693000;0.00635399;0.00704639;0.0502954;0.00978007;0.00828158;0.0120819
694000;0.00642662;0.00700099;0.0515251;0.00947611;0.00795788;0.0115498
695000;0.00632912;0.00699033;0.0535897;0.00985429;0.00839922;0.0121656
696000;0.0063832;0.00705784;0.056186;0.00973033;0.00797683;0.0115288
697000;0.00646215;0.00729153;0.0507798;0.00948756;0.00796499;0.0122706
698000;0.00653676;0.00747865;0.0501292;0.00933953;0.0080088;0.0114996
699000;0.00643452;0.00710087;0.050282;0.00991863;0.00809486;0.0117515
700000;0.00679098;0.00705942;0.056051;0.00944019;0.00796459;0.0119568
701000;0.00643491;0.00713324;0.0513194;0.00968296;0.00811578;0.0115099
702000;0.006624;0.0077455;0.0545395;0.00992534;0.00803328;0.0115628
703000;0.00651386;0.00689559;0.0498071;0.00951203;0.00854567;0.0115308
704000;0.00675111;0.00715534;0.0533789;0.00949467;0.00812881;0.0115016
705000;0.0064886;0.00692875;0.050569;0.00961941;0.00857054;0.0115174
706000;0.00698836;0.00691849;0.0500309;0.0103564;0.00800762;0.0116338
707000;0.00654229;0.00703257;0.050085;0.00957283;0.00827842;0.012029
708000;0.00650044;0.00711231;0.0529683;0.00939637;0.00835974;0.0118387
709000;0.00637688;0.00694967;0.0506776;0.00956019;0.00797722;0.011474
710000;0.00684901;0.00696704;0.0507119;0.00936716;0.00816868;0.0114929
711000;0.00654466;0.0072114;0.0523004;0.00959138;0.00853422;0.0119347
712000;0.0065415;0.00703415;0.0575017;0.00951756;0.00814302;0.011937
713000;0.00842409;0.00713995;0.0509049;0.00932018;0.00807631;0.0115016
714000;0.00642623;0.00709297;0.0519049;0.00945993;0.00812407;0.0114842
715000;0.00641754;0.00758681;0.0502623;0.00995771;0.00807433;0.0115529
716000;0.00661611;0.00703336;0.0552524;0.00943664;0.00830685;0.0116745
717000;0.00652492;0.00724495;0.0502986;0.009379;0.0079942;0.011922
718000;0.006504;0.00715692;0.0506065;0.00939479;0.00813592;0.0121526
719000;0.00647202;0.00737443;0.0527406;0.00941848;0.00877818;0.011714
720000;0.00654466;0.00696152;0.0551861;0.00932966;0.00842685;0.0119129
721000;0.00642583;0.00726193;0.0506326;0.00942953;0.00805815;0.0121687
722000;0.00658532;0.00709376;0.0501079;0.00942282;0.00801709;0.0119797
723000;0.00661453;0.00700415;0.0503866;0.00933716;0.00799815;0.0118162
724000;0.00662479;0.00722956;0.0544605;0.00950651;0.00824053;0.0116796
725000;0.00653123;0.00760221;0.0498024;0.00947374;0.00803525;0.0120539
726000;0.00670493;0.00700889;0.050151;0.0102783;0.00802854;0.0116311
727000;0.00633701;0.00709929;0.0497823;0.00972639;0.00795157;0.0113184
728000;0.00639623;0.00774432;0.0530299;0.00954717;0.00811973;0.0118245
729000;0.0067744;0.00717587;0.0534207;0.00941808;0.00800407;0.0121845
730000;0.00654426;0.00713758;0.0511446;0.00948124;0.00816434;0.0117148
731000;0.00693073;0.00703099;0.0521468;0.00947848;0.00809052;0.0115103
732000;0.00645149;0.00760734;0.0535537;0.00966441;0.00800841;0.0117586
733000;0.00645899;0.00761405;0.0512417;0.00946506;0.00793538;0.0115802
734000;0.00662953;0.00705665;0.0519037;0.00994982;0.00816039;0.0117574
735000;0.00632833;0.00690783;0.0533347;0.00936084;0.00812486;0.0114716
736000;0.00636346;0.0074668;0.0563747;0.00955783;0.0080317;0.0118095
737000;0.00671164;0.00883069;0.0502883;0.00956493;0.0081975;0.0118518
738000;0.00678704;0.00696112;0.0517039;0.00935097;0.00793696;0.0114041
739000;0.0068123;0.00701205;0.0559949;0.00989692;0.00797091;0.0116031
740000;0.0064582;0.00712297;0.0519017;0.00933874;0.00808026;0.0119196
741000;0.00678467;0.00702586;0.0496871;0.00956493;0.00811618;0.0120223
742000;0.00641241;0.00696428;0.0496307;0.0100276;0.00800446;0.0115174
743000;0.00653992;0.00692717;0.0515065;0.00937821;0.0080692;0.0120286
744000;0.00642347;0.00706731;0.0533394;0.00971218;0.00796696;0.0117653
745000;0.00654426;0.00746404;0.0509041;0.00936084;0.00836803;0.0117653
746000;0.00645978;0.00711034;0.0503819;0.009424;0.00795275;0.0118529
747000;0.00673651;0.00746483;0.0513186;0.00987718;0.00808381;0.0120057
748000;0.00641281;0.00698007;0.0529486;0.0093719;0.00845883;0.0120049
749000;0.00651742;0.00722324;0.0519353;0.0105392;0.00812684;0.0114629
750000;0.00648426;0.00706534;0.0499931;0.00947651;0.00803565;0.0116457
751000;0.00648189;0.00721377;0.0520106;0.00935216;0.00812684;0.011575
752000;0.00640768;0.00751418;0.0508576;0.00940269;0.00814578;0.0116275
753000;0.00644557;0.0072414;0.0510411;0.0098531;0.00808144;0.0117566
754000;0.00659795;0.0069556;0.0510348;0.00934426;0.00807433;0.0114811
755000;0.00656637;0.00718771;0.0508003;0.00945006;0.00811973;0.0119011
756000;0.00655018;0.00708902;0.0520442;0.00939637;0.00795788;0.0122639
757000;0.00688691;0.00695915;0.0504537;0.00971099;0.008235;0.0118762
758000;0.00641794;0.00710126;0.0515677;0.00987916;0.00797683;0.0113224
759000;0.00728206;0.00711981;0.0512239;0.00961862;0.00798512;0.0116461
760000;0.00646097;0.00717153;0.0562519;0.0100075;0.00808144;0.0114977
761000;0.00645584;0.00768432;0.050659;0.00939677;0.00807039;0.0121083
762000;0.00637688;0.00707363;0.0523703;0.00939045;0.00795709;0.0115521
763000;0.00636465;0.00705231;0.0504506;0.00953059;0.00818881;0.0114992
764000;0.00641833;0.00693546;0.0572467;0.00950059;0.00817223;0.012241
765000;0.00652531;0.00693152;0.0505745;0.00934703;0.00800407;0.0116824
766000;0.00659597;0.0070981;0.0505832;0.00944966;0.0079638;0.0121301
767000;0.00699349;0.00726351;0.0530228;0.00950532;0.00803288;0.0121064
768000;0.00631925;0.00724298;0.0558098;0.010103;0.0081146;0.0114554
769000;0.00684704;0.00716126;0.0510569;0.00961072;0.00814144;0.0116903
770000;0.0063453;0.00703889;0.0505051;0.00971375;0.00816158;0.0114428
771000;0.00642426;0.00732706;0.050121;0.00944651;0.00795393;0.011549
772000;0.00649136;0.00710047;0.0568523;0.00940427;0.00815526;0.011864
773000;0.00645978;0.00714666;0.051837;0.0100422;0.00805223;0.0117673
774000;0.00679611;0.00700534;0.0528033;0.0100556;0.0107989;0.0115608
775000;0.00659637;0.00709258;0.053097;0.00953927;0.00816118;0.0118261
776000;0.00634925;0.00693507;0.0589935;0.00999995;0.0080771;0.011806
777000;0.00648781;0.00711626;0.0529087;0.00945479;0.00796499;0.0119252
778000;0.00637294;0.00700415;0.0530887;0.0097781;0.00801117;0.0116749
779000;0.00653873;0.00701481;0.0522333;0.00937742;0.0083029;0.0114191
780000;0.00656242;0.00834356;0.0523347;0.00942242;0.00811776;0.0117337
781000;0.00651189;0.0070002;0.0534037;0.00960283;0.00818368;0.0114487
782000;0.0063532;0.00732035;0.0516416;0.00968889;0.00814618;0.0123831
783000;0.00643807;0.00705152;0.0555982;0.00961428;0.00845093;0.0118348
784000;0.00642268;0.00756115;0.0526292;0.00968573;0.00804394;0.0121233
785000;0.00643097;0.00693823;0.054547;0.00933874;0.00805657;0.0115738
786000;0.00638241;0.00702863;0.0540871;0.010161;0.00855278;0.0115675
787000;0.0065711;0.00700731;0.0550222;0.00966994;0.00837395;0.0118561
788000;0.00663624;0.00747904;0.0522301;0.00950256;0.00801117;0.0117827
789000;0.00662834;0.00757299;0.0503708;0.00957638;0.00808736;0.0115916
790000;0.00642662;0.00690586;0.0537267;0.00930913;0.00804039;0.0115213
791000;0.00687665;0.00705271;0.0570292;0.00966796;0.00797367;0.0117306
792000;0.00643412;0.00692283;0.0509744;0.00949506;0.00804512;0.0115056
793000;0.00642307;0.00700613;0.0557494;0.0102913;0.00805144;0.012136
794000;0.00679533;0.00709613;0.0516183;0.00945124;0.00820105;0.0124589
795000;0.00659834;0.00769221;0.0561848;0.0093865;0.00817421;0.0113326
796000;0.00657742;0.00709021;0.0507893;0.0100525;0.00805894;0.0116556
797000;0.00635715;0.00716403;0.0493934;0.00943624;0.00811223;0.011849
798000;0.00780669;0.00708863;0.0503211;0.00949545;0.00821881;0.0120941
799000;0.00641952;0.00722166;0.0543618;0.0101211;0.00850738;0.011609
800000;0.00631886;0.00714232;0.0501762;0.0101164;0.00805578;0.0116141
801000;0.00664098;0.0073389;0.0506649;0.00979744;0.00799933;0.0121281
802000;0.0063911;0.00708626;0.0509018;0.00966796;0.00853857;0.0120195
803000;0.00632043;0.00731127;0.0545675;0.00970625;0.00816039;0.0117242
804000;0.00645031;0.00716166;0.05278;0.010326;0.00811855;0.0116019
805000;0.0065565;0.00696902;0.051411;0.00985389;0.00802815;0.0121766
806000;0.00689836;0.00747786;0.0496978;0.00935374;0.00810631;0.0116038
807000;0.00633307;0.00690151;0.0548628;0.00952506;0.00813631;0.0121182
808000;0.00645781;0.0076176;0.0523063;0.00970231;0.00812723;0.0116777
809000;0.00639741;0.0070831;0.0510802;0.0094094;0.00810749;0.0115296
810000;0.00678388;0.00695323;0.0508576;0.00965849;0.00810434;0.012136
811000;0.00642662;0.00787538;0.0530042;0.00936282;0.00791525;0.0118494
812000;0.00681822;0.00749523;0.0510478;0.0103651;0.00801749;0.0114929
813000;0.00643018;0.00695481;0.0567473;0.00996285;0.00806565;0.0119654
814000;0.00636149;0.00728561;0.0507348;0.00936755;0.0082196;0.0116315
815000;0.00647005;0.00714311;0.0544226;0.00949032;0.00805854;0.01159
816000;0.00648465;0.00692559;0.0502453;0.00938927;0.00833843;0.0114546
817000;0.00648071;0.00707244;0.0498178;0.0096052;0.00790222;0.0114819
818000;0.00650913;0.00707442;0.0510111;0.00941611;0.00803367;0.0118675
819000;0.00638912;0.00737088;0.0550392;0.00968652;0.00797407;0.0116271
820000;0.00689915;0.00697297;0.0500029;0.00970744;0.00821013;0.0115478
821000;0.0065336;0.00706968;0.0499105;0.00981284;0.00815447;0.0121127
822000;0.00689165;0.00702113;0.0496899;0.00948519;0.00877542;0.0114124
823000;0.006669;0.00715969;0.0602441;0.0100556;0.0085212;0.0124534
824000;0.00701244;0.00705468;0.0538068;0.00981994;0.00939242;0.0117641
825000;0.00639425;0.00715416;0.0504932;0.00941098;0.00791288;0.0116106
826000;0.0064736;0.00715534;0.0513763;0.00960638;0.00805894;0.0117179
827000;0.00644478;0.00766853;0.0553902;0.00941532;0.00850935;0.0121739
828000;0.00636307;0.00693625;0.0520114;0.00941058;0.00805341;0.0115363
829000;0.00671637;0.00718377;0.049924;0.009861;0.00822237;0.0114669
830000;0.0068948;0.00703415;0.0502015;0.00963796;0.00810986;0.01156
831000;0.00652808;0.0070381;0.0571642;0.00989692;0.00834198;0.0115727
832000;0.00630978;0.00748536;0.0529154;0.00938611;0.00814144;0.0117685
833000;0.00647952;0.00699507;0.0508773;0.00984363;0.00801117;0.0114878
834000;0.0066019;0.00727061;0.0500988;0.00968415;0.00817855;0.0116583
835000;0.00652689;0.00693783;0.0539386;0.00943861;0.00811697;0.0123081
836000;0.00636188;0.00719995;0.0500763;0.00931229;0.00795235;0.0118482
837000;0.00632359;0.0070381;0.0519384;0.00936282;0.00793301;0.0116792
838000;0.00641675;0.00724851;0.0503266;0.00945085;0.00807276;0.0114795
839000;0.00649689;0.00692559;0.0556977;0.0094165;0.00840672;0.011699
840000;0.00645465;0.00702468;0.0498565;0.00949151;0.00800683;0.0119595
841000;0.00631412;0.00695362;0.0519072;0.00932729;0.00803723;0.0116394
842000;0.00686401;0.00692638;0.0505133;0.00943111;0.00818842;0.0117756
843000;0.00707955;0.00731009;0.0555591;0.0097177;0.00809289;0.0117708
844000;0.00648347;0.00711981;0.0501624;0.00932413;0.00798236;0.0117542
845000;0.00644755;0.00708034;0.0500499;0.00945006;0.00804117;0.0115928
846000;0.00652176;0.007106;0.0500424;0.00976034;0.00851607;0.0116315
847000;0.00645505;0.00735193;0.0548651;0.0094315;0.00808183;0.0119252
848000;0.00792788;0.00732548;0.0528286;0.00931268;0.00849672;0.0115588
849000;0.00648663;0.00709455;0.0497933;0.00974691;0.00809289;0.0114144
850000;0.00664927;0.0070152;0.0496496;0.00946506;0.00832342;0.0118671
851000;0.00648663;0.00708034;0.0562341;0.00953138;0.00806841;0.0119193
852000;0.00636504;0.00692915;0.0527567;0.0096273;0.00810947;0.0118557
853000;0.00644005;0.00703257;0.052739;0.00968967;0.00798867;0.0115431
854000;0.00631925;0.00743365;0.0515938;0.00938492;0.0081525;0.0115107
855000;0.0063457;0.0069927;0.0528373;0.00972639;0.00801867;0.0119098
856000;0.00652097;0.00752681;0.0515843;0.00970152;0.00794604;0.0113958
857000;0.00641439;0.00698836;0.0511805;0.00947137;0.00819237;0.0114688
858000;0.00660742;0.00777985;0.051235;0.00968336;0.00835066;0.0118727
859000;0.00647676;0.00710521;0.0558449;0.009364;0.00805539;0.0118139
860000;0.00632438;0.00691849;0.050556;0.00981205;0.00815052;0.0118194
861000;0.00640925;0.00692559;0.0507537;0.00948953;0.00850462;0.0120404
862000;0.00694415;0.00705073;0.0501904;0.00956809;0.00820223;0.011412
863000;0.00643294;0.00707363;0.0550815;0.00964428;0.00839685;0.0119046
864000;0.00692441;0.00703928;0.0510368;0.0095823;0.00820145;0.0119939
865000;0.00633859;0.00701165;0.0503258;0.0102159;0.00810236;0.0115431
866000;0.00640491;0.00715771;0.0510996;0.00942716;0.00799025;0.0115707
867000;0.00646452;0.00693191;0.0559373;0.0101863;0.00830013;0.0114144
868000;0.00657821;0.00700573;0.0511671;0.00954677;0.00807315;0.0114795
869000;0.00644241;0.00719048;0.0517679;0.00938374;0.00835579;0.0114309
870000;0.00680322;0.00711113;0.0492734;0.00953572;0.00811105;0.0121818
871000;0.00634096;0.00710087;0.0570181;0.00952427;0.00799894;0.0120795
872000;0.00645189;0.00694691;0.0495051;0.00947966;0.00816868;0.0118746
873000;0.00643176;0.00751418;0.0506898;0.00931624;0.00855396;0.0117337
874000;0.00633465;0.00719719;0.0510182;0.00948045;0.00809605;0.0114155
875000;0.00631412;0.00698915;0.0562484;0.00953848;0.0089578;0.0116737
876000;0.00689757;0.00713639;0.0516605;0.00955151;0.00796341;0.0115825
877000;0.00634688;0.00776682;0.0506511;0.0103612;0.00891635;0.0116228
878000;0.00702507;0.00730298;0.0509472;0.00966678;0.00797012;0.0113855
879000;0.00658097;0.00710876;0.054453;0.0097931;0.0080167;0.0120097
880000;0.0068802;0.00705784;0.0501588;0.00941453;0.00883266;0.0113899
881000;0.00636149;0.0070756;0.0504565;0.00937269;0.00801078;0.0114353
882000;0.0064661;0.00695599;0.0527058;0.00949901;0.00822158;0.0119418
883000;0.00632122;0.00693744;0.0555848;0.00965652;0.00798354;0.0119548
884000;0.00651663;0.00717469;0.0513719;0.00946151;0.00813236;0.0118498
885000;0.00642978;0.00710679;0.0527871;0.00973112;0.00806091;0.0115308
886000;0.00635794;0.00706218;0.0512128;0.00942045;0.00829342;0.0115892
887000;0.00644557;0.00700139;0.0531622;0.00943822;0.0080242;0.0115146
888000;0.00637373;0.00690902;0.0519858;0.0101381;0.00871976;0.0118968
889000;0.00637767;0.00731996;0.0513309;0.00938729;0.00802973;0.0118952
890000;0.00643018;0.0074597;0.0508066;0.00982429;0.00816039;0.0117258
891000;0.00632517;0.00725008;0.0524844;0.00957401;0.00807907;0.0123187
892000;0.00643215;0.00695007;0.0512456;0.00952625;0.0080242;0.0120531
893000;0.00631925;0.00758681;0.0514935;0.00943624;0.00796064;0.0116275
894000;0.00666348;0.00710442;0.051606;0.00944137;0.00822474;0.0119508
895000;0.00661532;0.00698599;0.0552725;0.0096652;0.00801078;0.0116911
896000;0.00634096;0.0071135;0.0505954;0.00985034;0.00833803;0.0115537
897000;0.00650952;0.00694573;0.0517331;0.00943782;0.00821526;0.0114609
898000;0.00658176;0.00762747;0.0526904;0.0103868;0.00854528;0.0118304
899000;0.00636583;0.00694612;0.0524086;0.00948598;0.00851686;0.0120945
900000;0.00685217;0.00706218;0.0505647;0.00947374;0.00818052;0.0117748
901000;0.00632004;0.00700573;0.0511497;0.00934111;0.00803841;0.0113812
902000;0.00657387;0.00702468;0.050777;0.00966046;0.00850067;0.0116019
903000;0.00651465;0.0069327;0.0567536;0.00955783;0.00813315;0.01201
904000;0.00700297;0.0069627;0.0507036;0.00986534;0.00795235;0.011654
905000;0.00632754;0.00734719;0.0505899;0.00943269;0.00833053;0.0115478
906000;0.00649334;0.00715021;0.0502816;0.00941335;0.00807118;0.0121032
907000;0.00644912;0.00697612;0.0603558;0.00991745;0.00813197;0.011665
908000;0.00652334;0.00704994;0.0506128;0.00943427;0.00833369;0.0114128
909000;0.00634412;0.00720824;0.051214;0.0093565;0.00829263;0.0118146
910000;0.00639031;0.00714192;0.0499848;0.00948993;0.00805341;0.0116879
911000;0.00632715;0.00700613;0.0531535;0.00932847;0.00800288;0.0115245
912000;0.00656795;0.00733061;0.0504589;0.00987205;0.00810157;0.0118411
913000;0.00641241;0.00697731;0.0523821;0.00944611;0.00821013;0.0115127
914000;0.0063303;0.0069331;0.0502579;0.00933321;0.00805341;0.0120381
915000;0.0063678;0.00703297;0.0540405;0.009349;0.00848093;0.0114499
916000;0.00644518;0.00724337;0.0533789;0.00954875;0.00811776;0.011924
917000;0.00651544;0.00702705;0.050612;0.0095898;0.00827092;0.0115324
918000;0.00683914;0.00707008;0.0506156;0.00935453;0.0081371;0.0116342
919000;0.00642939;0.00705073;0.051786;0.00950927;0.0082954;0.0118308
920000;0.00641912;0.00704481;0.0530714;0.00946348;0.00843869;0.0114748
921000;0.00641597;0.00752128;0.050044;0.00992179;0.0079342;0.0115671
922000;0.00633109;0.00726114;0.0506523;0.00955743;0.00801078;0.0116417
923000;0.00640689;0.00694967;0.0525949;0.00945795;0.00847225;0.0116165
924000;0.00672861;0.00775971;0.0546283;0.00948559;0.00802381;0.0117933
925000;0.00636504;0.00719877;0.0533718;0.00944453;0.00839922;0.0116287
926000;0.00634965;0.00766655;0.051651;0.00939756;0.00837435;0.0120254
927000;0.00644399;0.00701007;0.0501652;0.00943229;0.00795709;0.0115849
928000;0.00703494;0.00706376;0.0596946;0.00943466;0.00804039;0.0116291
929000;0.00631412;0.00747194;0.0524832;0.00958388;0.00808499;0.0118107
930000;0.00671637;0.00713324;0.0510601;0.00948914;0.00801275;0.0115963
931000;0.00664887;0.00699507;0.0499192;0.00939795;0.00807512;0.0115367
932000;0.00637807;0.00731759;0.0578384;0.00954322;0.00794446;0.0116331
933000;0.0065865;0.00700178;0.0508268;0.00935374;0.00808578;0.0113816
934000;0.00647044;0.00798196;0.0508394;0.00941927;0.00803604;0.0114949
935000;0.00639189;0.00739654;0.0526119;0.00941256;0.0080621;0.0114866
936000;0.00633741;0.00707481;0.0516873;0.0093494;0.00850343;0.0114846
937000;0.0064357;0.00717587;0.0502524;0.00938492;0.00806525;0.0115083
938000;0.00642939;0.0073014;0.0511288;0.00937742;0.00817776;0.0116982
939000;0.00653005;0.00686283;0.0509839;0.00961507;0.00811815;0.011564
940000;0.00656953;0.00709337;0.0518464;0.00930795;0.0085437;0.011845
941000;0.00701402;0.00698323;0.0505816;0.00969244;0.00823816;0.0116271
942000;0.00638754;0.00702231;0.0506436;0.00979981;0.00803012;0.0116113
943000;0.00632754;0.00699231;0.0510924;0.00932018;0.00832974;0.0123716
944000;0.00635359;0.00700455;0.0569104;0.00971612;0.00802578;0.0114862
945000;0.00671835;0.00708784;0.0516029;0.00931505;0.00817105;0.011845
946000;0.00630149;0.00713995;0.0539201;0.00939321;0.00814144;0.0121324
947000;0.00647439;0.00730377;0.0545138;0.00976073;0.00803328;0.0114755
948000;0.00693152;0.00699784;0.0528396;0.00932374;0.00808815;0.0116267
949000;0.00650794;0.00712574;0.0509397;0.0097627;0.00841817;0.0115186
950000;0.0063078;0.00734601;0.0499508;0.00947493;0.00813868;0.0117977
951000;0.00676019;0.00692086;0.0514694;0.00940624;0.0082504;0.0117057
952000;0.00632241;0.00704165;0.0565942;0.00991232;0.00805223;0.0114957
953000;0.00646018;0.00704165;0.0522242;0.0097631;0.0079342;0.0115936
954000;0.00729903;0.00731285;0.0509843;0.00957204;0.00814421;0.0114712
955000;0.00675703;0.00704639;0.050254;0.00974178;0.00801709;0.0114981
956000;0.00640412;0.00752997;0.0563344;0.00936519;0.00806723;0.0113832
957000;0.00647715;0.00708508;0.0501261;0.00951519;0.00800683;0.0114558
958000;0.00653913;0.00722324;0.0505386;0.00984481;0.0080013;0.0115237
959000;0.00646768;0.00698481;0.0506851;0.00969954;0.0083783;0.0115952
960000;0.00646334;0.00710087;0.0530895;0.009861;0.00830842;0.0116946
961000;0.006564;0.00708863;0.050044;0.00943979;0.00796183;0.0120132
962000;0.00645978;0.00707915;0.0513719;0.00978165;0.00802381;0.0121711
963000;0.00631728;0.00758839;0.0530852;0.00943822;0.00829066;0.0115786
964000;0.00637491;0.00718732;0.0523154;0.009424;0.00809486;0.0117156
965000;0.00644557;0.00699428;0.0510553;0.00991547;0.00796025;0.0114404
966000;0.00640096;0.00692994;0.0512425;0.00946427;0.00830606;0.0114617
967000;0.0066165;0.00713363;0.0520087;0.0095898;0.00795196;0.0116461
968000;0.00641873;0.00719205;0.0550811;0.0097181;0.00795472;0.0115016
969000;0.00662992;0.00695402;0.0506333;0.00941137;0.00805854;0.0114759
970000;0.00648347;0.0069777;0.0506239;0.00945085;0.00812407;0.0116346
971000;0.00633622;0.00701363;0.0526348;0.0100825;0.00811578;0.0121561
972000;0.00636109;0.00697849;0.0527998;0.00960007;0.00807868;0.0115407
973000;0.00649215;0.00724298;0.05007;0.0101622;0.00802065;0.0124447
974000;0.00635715;0.00701047;0.050205;0.00937821;0.00814105;0.0113646
975000;0.00642228;0.00709534;0.0507407;0.00980968;0.00805736;0.0114803
976000;0.00633267;0.00747983;0.0528811;0.00934861;0.00842448;0.0114637
977000;0.00647005;0.00714389;0.0505414;0.00938216;0.00808183;0.0121664
978000;0.00722206;0.00741628;0.0502694;0.00990955;0.00836132;0.0120069
979000;0.00701007;0.00708034;0.0499413;0.00943979;0.0079563;0.0118648
980000;0.00746404;0.00731364;0.0564442;0.00949467;0.00834711;0.0116611
981000;0.00697612;0.00692954;0.0524488;0.0100746;0.00798315;0.0115454
982000;0.00750115;0.00714034;0.0505327;0.00947611;0.00806131;0.0116792
983000;0.00712376;0.00711626;0.0511031;0.00953809;0.00800644;0.0114854
984000;0.00644281;0.00725601;0.0547546;0.00938927;0.00839409;0.0117203
985000;0.00652571;0.0070685;0.0500456;0.00942085;0.00816039;0.0114771
986000;0.00672901;0.00696665;0.050541;0.00984718;0.00858673;0.01201
987000;0.00634767;0.00740088;0.0510842;0.00945203;0.00799341;0.0118399
988000;0.00635833;0.00704402;0.0567868;0.00994074;0.0086941;0.0122966
989000;0.00636583;0.0072639;0.0503479;0.00949151;0.00825671;0.0115612
990000;0.00640136;0.00703376;0.0530441;0.00945006;0.00799341;0.0114219
991000;0.00633978;0.00735785;0.0522199;0.0102104;0.00812486;0.0120535
992000;0.00651742;0.00702152;0.0543117;0.00958467;0.00832185;0.0120795
993000;0.00675506;0.00752641;0.0498249;0.00952822;0.00823855;0.0122011
994000;0.00642623;0.00730456;0.0502911;0.00946032;0.00827882;0.0116717
995000;0.00633465;0.00694336;0.0512736;0.00952467;0.00823303;0.0124036
996000;0.00634017;0.00734996;0.0529111;0.00986889;0.00801275;0.0121841
997000;0.00651465;0.00720863;0.0503057;0.00955112;0.0084083;0.0114613
998000;0.00629438;0.00692638;0.0510719;0.00941927;0.00793972;0.0121119
999000;0.00631333;0.00707363;0.0500416;0.00983297;0.00827013;0.0115573
