size;array;vector;bst;tiered vector;bittrick tiered vector
0;0.000844383;0.000676611;0.000503708;0.00105163;0.00110018;0.00188535
1000;0.00136743;0.000721614;0.00050134;0.00115703;0.00103268;0.00182338
2000;0.00177166;0.000748457;0.000514762;0.00117085;0.00103465;0.00179219
3000;0.00257302;0.00079267;0.000559369;0.00128375;0.00108992;0.00187785
4000;0.00405138;0.000826619;0.000512788;0.00134533;0.00116374;0.00214629
5000;0.00413586;0.0008807;0.000532131;0.0013094;0.00107966;0.00214116
6000;0.00696428;0.000920176;0.000526209;0.00136309;0.00108163;0.00209773
7000;0.0223503;0.000974652;0.000554632;0.00137454;0.00111795;0.00226787
8000;0.0130372;0.00102479;0.000592923;0.00145981;0.00116887;0.00207563
9000;0.015641;0.00111163;0.000543579;0.00148428;0.00118348;0.00211629
10000;0.0150441;0.00117835;0.000581475;0.00147757;0.00128532;0.00215458
11000;0.0137292;0.00125295;0.000551869;0.00194299;0.00123716;0.00235117
12000;0.0147899;0.0014227;0.000553842;0.00172903;0.00134533;0.00225169
13000;0.0169938;0.0014752;0.00061345;0.00171245;0.00131256;0.00220511
14000;0.0125114;0.00153521;0.000560553;0.00177166;0.00139151;0.00224695
15000;0.0130029;0.00159521;0.000611871;0.00180719;0.00139822;0.0022205
16000;0.0178935;0.0016035;0.000564106;0.00213247;0.00164534;0.00255367
17000;0.0145467;0.00165482;0.000609108;0.00166666;0.00120677;0.00248578
18000;0.0136116;0.00191812;0.00056608;0.0017918;0.00125256;0.00234248
19000;0.0146908;0.00196115;0.000620556;0.00172666;0.0012648;0.00229906
20000;0.0144102;0.00200615;0.00058937;0.00174798;0.00127782;0.00225721
21000;0.0148179;0.00217076;0.00061345;0.00187746;0.00131651;0.00226116
22000;0.0183723;0.00223076;0.000590949;0.00194417;0.00133427;0.00230103
23000;0.0166615;0.0023334;0.000607134;0.00188654;0.00135006;0.00234406
24000;0.0195025;0.00238709;0.000597265;0.00187114;0.00139388;0.00239656
25000;0.0173882;0.00249051;0.000636741;0.00191141;0.00137336;0.00229077
26000;0.0177901;0.0024913;0.000573185;0.00187785;0.00137572;0.00233182
27000;0.0185527;0.00259631;0.000635557;0.00197062;0.00141283;0.00235511
28000;0.0197354;0.00258131;0.00059766;0.0018893;0.00139309;0.00241275
29000;0.0203031;0.00264052;0.000636346;0.00192364;0.00140809;0.00235274
30000;0.020958;0.00263263;0.000577133;0.00195799;0.00142546;0.00237051
31000;0.0216634;0.00270289;0.000630425;0.00202589;0.00144402;0.00246762
32000;0.02192;0.00265907;0.000596081;0.00191535;0.00139388;0.00260736
33000;0.0229981;0.00282448;0.000594107;0.00197457;0.00143691;0.00251775
34000;0.0243706;0.00286632;0.000624898;0.00204839;0.0014977;0.00251696
35000;0.0244204;0.00300172;0.000598055;0.00214234;0.00148744;0.00254736
36000;0.0254341;0.00308778;0.000649768;0.00216524;0.00150797;0.0025892
37000;0.0260199;0.003207;0.000641478;0.00210444;0.00152692;0.00260499
38000;0.0269137;0.00352675;0.000716876;0.00224734;0.0016181;0.00257854
39000;0.0274576;0.00354649;0.000703455;0.0022209;0.00171245;0.00274276
40000;0.0284757;0.00372847;0.000753983;0.00232077;0.00159205;0.00266302
41000;0.0285456;0.00380347;0.000706613;0.00231366;0.00170574;0.00265671
42000;0.0296217;0.00524433;0.000745694;0.00242301;0.00169824;0.00273842
43000;0.0306698;0.00483102;0.000760694;0.00249959;0.00173021;0.00272342
44000;0.032158;0.00420731;0.000726351;0.00248222;0.00176969;0.00275618
45000;0.0318655;0.00431389;0.000704639;0.0027175;0.00183088;0.00275618
46000;0.0322575;0.00440271;0.00077609;0.00252328;0.00201562;0.00292948
47000;0.0328354;0.00458311;0.000695954;0.00266618;0.00188654;0.00282882
48000;0.033855;0.00462062;0.000748457;0.00267092;0.00189759;0.00280079
49000;0.0338578;0.00476589;0.000696349;0.00277987;0.00193272;0.0031762
50000;0.0357321;0.00489221;0.000750431;0.00298514;0.00198562;0.00300133
51000;0.0351269;0.00501892;0.000689244;0.00277474;0.00197299;0.0028758
52000;0.035935;0.00515117;0.000736219;0.00284895;0.00210247;0.00289909
53000;0.0352754;0.00537934;0.000695954;0.00293185;0.00206378;0.00303488
54000;0.036496;0.00537736;0.000703455;0.00321213;0.00211984;0.00294448
55000;0.0372085;0.00563435;0.000746878;0.00302343;0.00211431;0.00286198
56000;0.0374615;0.00583094;0.000714508;0.00302225;0.00223116;0.00288409
57000;0.039371;0.00576462;0.000744904;0.0031762;0.00211668;0.00304396
58000;0.0387678;0.00602437;0.000712929;0.00313791;0.00225524;0.00297291
59000;0.0407041;0.00623517;0.000741746;0.00319752;0.00236419;0.00284777
60000;0.0404719;0.00626991;0.000705823;0.00327055;0.00228564;0.00300804
61000;0.0413424;0.00655847;0.000747273;0.003252;0.0022959;0.00286593
62000;0.0421619;0.006609;0.000701876;0.00329226;0.00228879;0.00296619
63000;0.0426198;0.00651663;0.0007603;0.00335384;0.00238788;0.00301001
64000;0.0429052;0.00681309;0.000733061;0.00356267;0.00245657;0.0029808
65000;0.044363;0.00682848;0.000794249;0.00453811;0.00329779;0.0040198
66000;0.0448818;0.00702152;0.000770563;0.00269618;0.00188851;0.00280316
67000;0.0455161;0.00716719;0.000817539;0.00269223;0.00178864;0.00278461
68000;0.0454036;0.0073239;0.00080846;0.00273289;0.00185061;0.00277632
69000;0.0465006;0.00744786;0.00085662;0.00278816;0.00176456;0.00312133
70000;0.0479293;0.0076705;0.000789117;0.0028004;0.00184904;0.0027779
71000;0.0493508;0.00789235;0.000811223;0.0028004;0.00184746;0.002755
72000;0.0497566;0.00813197;0.000750036;0.00281698;0.00189364;0.00273132
73000;0.0490243;0.00814855;0.000738193;0.00279842;0.00192088;0.00285053
74000;0.0497175;0.00839132;0.000795038;0.0028683;0.00206102;0.00284974
75000;0.0502117;0.00877976;0.000724377;0.00290974;0.00189838;0.00275974
76000;0.0514331;0.0088824;0.000773721;0.0029733;0.0019197;0.00285487
77000;0.0517841;0.0100185;0.000705429;0.00298435;0.00192443;0.00280671
78000;0.052105;0.0091911;0.000765431;0.00300685;0.00195483;0.00275224
79000;0.0526817;0.00962099;0.000698718;0.00299106;0.00193904;0.00276763
80000;0.053838;0.00973547;0.000748457;0.00306173;0.00199589;0.00277592
81000;0.0541798;0.00981876;0.000716876;0.00310515;0.00202865;0.00291132
82000;0.0546129;0.0101385;0.00080846;0.0031091;0.0020622;0.00276566
83000;0.0558118;0.0102933;0.000766616;0.00310278;0.00200852;0.00288093
84000;0.0568543;0.0105337;0.000800565;0.00318449;0.00206734;0.00286672
85000;0.0570094;0.0107749;0.000750431;0.0031616;0.00206655;0.00281185
86000;0.058986;0.0111005;0.000800959;0.00318449;0.00207642;0.00282685
87000;0.0585825;0.0112095;0.000732272;0.00322476;0.0021005;0.00282092
88000;0.0594135;0.0115312;0.000778853;0.003207;0.00215221;0.00278619
89000;0.0599752;0.0121885;0.000729114;0.0032745;0.0022134;0.00275618
90000;0.0603953;0.0119497;0.000798196;0.003342;0.00214352;0.00274197
91000;0.0616399;0.0121222;0.000747273;0.00329266;0.00223511;0.00290935
92000;0.0621006;0.0124763;0.000742536;0.00334674;0.00217866;0.00277671
93000;0.0626608;0.012779;0.000789117;0.00334832;0.00221497;0.00269816
94000;0.0634803;0.0128517;0.000742536;0.00342095;0.00237248;0.00281145
95000;0.0638182;0.013126;0.000778853;0.00354135;0.00225721;0.00276763
96000;0.0646318;0.0133246;0.000762668;0.00359583;0.00258368;0.00273566
97000;0.065606;0.0135993;0.000875963;0.00350504;0.00246249;0.0029354
98000;0.0665041;0.0140403;0.000828987;0.00357609;0.00228366;0.00306844
99000;0.0663332;0.0144354;0.000863726;0.00386703;0.00232511;0.00282014
100000;0.0669458;0.014439;0.000806881;0.00351175;0.00234682;0.00281066
101000;0.067894;0.0144307;0.000850304;0.0036207;0.00233853;0.00281461
102000;0.0688118;0.0147264;0.000853857;0.00362307;0.00231998;0.00318173
103000;0.0691711;0.015217;0.000891358;0.00368978;0.00242656;0.00282408
104000;0.0702855;0.0154586;0.000820697;0.00369491;0.00243604;0.00274632
105000;0.0705863;0.0155036;0.000892148;0.00368662;0.00244551;0.00282408
106000;0.0717721;0.0154511;0.000842409;0.00373005;0.00235985;0.00280829
107000;0.071913;0.0158333;0.000892148;0.00384334;0.00242735;0.00272895
108000;0.0773587;0.0159493;0.000863331;0.00400993;0.00248933;0.0028075
109000;0.0791371;0.0161933;0.000904385;0.00385045;0.00245854;0.00279092
110000;0.0805266;0.0166078;0.000870831;0.00383624;0.00250315;0.00279329
111000;0.0806462;0.0167515;0.000902017;0.00400993;0.00248972;0.00278224
112000;0.0815759;0.0171324;0.00086491;0.00382676;0.00252644;0.00283829
113000;0.0823982;0.017145;0.00085583;0.00385913;0.00260578;0.00328437
114000;0.0841422;0.0173645;0.000878332;0.00390453;0.00254341;0.00279684
115000;0.0840167;0.0179018;0.000834514;0.0039519;0.00304436;0.00278698
116000;0.0856806;0.0177534;0.000890569;0.00385361;0.00285132;0.00281224
117000;0.0857512;0.0179618;0.000847541;0.00398427;0.002755;0.00275421
118000;0.0865849;0.0180036;0.000898859;0.00389505;0.00259315;0.00274947
119000;0.0868786;0.0182677;0.000933203;0.00412243;0.00260618;0.00284303
120000;0.0887983;0.0184454;0.000996364;0.00395111;0.00267723;0.00279724
121000;0.0886116;0.018786;0.000898069;0.00458035;0.00276921;0.00279132
122000;0.0894252;0.0188255;0.000936755;0.00411612;0.00267526;0.00274987
123000;0.0887569;0.0188772;0.000876358;0.00422231;0.00272895;0.00287027
124000;0.0904922;0.0189463;0.000907149;0.00412993;0.00269105;0.00291725
125000;0.09138;0.0191764;0.000842804;0.00407467;0.00270645;0.00280119
126000;0.0924352;0.0194113;0.000862936;0.00423257;0.00275145;0.00269579
127000;0.0928473;0.0194911;0.00081596;0.00417494;0.00287737;0.00287303
128000;0.0932966;0.0196786;0.00086412;0.00430165;0.0028379;0.00276171
129000;0.101553;0.0199008;0.000857804;0.00422704;0.00283435;0.00272697
130000;0.226767;0.0200591;0.000887806;0.00422862;0.00278066;0.00296146
131000;0.233956;0.0203177;0.000855436;0.0043735;0.00287264;0.00277119
132000;0.234396;0.0211281;0.000829382;0.00435731;0.00283237;0.00277237
133000;0.234477;0.0204965;0.000872015;0.00428231;0.0028833;0.00282724
134000;0.234693;0.0207551;0.00082346;0.00444455;0.0029054;0.00279724
135000;0.236138;0.0210267;0.000861752;0.00437192;0.0029208;0.00304238
136000;0.238979;0.0209375;0.000814381;0.00431547;0.00292514;0.00272421
137000;0.238534;0.0212244;0.000842804;0.00442126;0.0028754;0.00278895
138000;0.240425;0.0217218;0.00080846;0.00478089;0.00303449;0.00274197
139000;0.243557;0.0215833;0.000849514;0.00437626;0.0030708;0.00278263
140000;0.245613;0.0217664;0.000834908;0.00454009;0.00301751;0.00272895
141000;0.243595;0.0219907;0.00088149;0.00443074;0.00315015;0.00276605
142000;0.246598;0.0220242;0.000901227;0.00465141;0.00300607;0.00319121
143000;0.247683;0.0227758;0.00101808;0.00453061;0.00313476;0.00306054
144000;0.25177;0.0229929;0.00107887;0.00459338;0.00303922;0.00278619
145000;0.254265;0.0228343;0.00118821;0.00472996;0.00310712;0.00282606
146000;0.258314;0.0229329;0.000954914;0.00462693;0.0030337;0.00275618
147000;0.262695;0.0231935;0.00107492;0.00464509;0.00323739;0.0027629
148000;0.26039;0.0232235;0.000961625;0.00465733;0.00315805;0.00290382
149000;0.261647;0.0234805;0.000973073;0.00477852;0.0030937;0.00284185
150000;0.261881;0.0233597;0.000920965;0.00471733;0.00312923;0.00277592
151000;0.26578;0.0235255;0.000960441;0.00500353;0.00322042;0.00277513
152000;0.265537;0.0238851;0.000904385;0.00483339;0.0035153;0.0029958
153000;0.264832;0.0240359;0.000971494;0.00479431;0.00322318;0.00273645
154000;0.267941;0.0242731;0.00105834;0.00511051;0.00321489;0.00280987
155000;0.268675;0.0240592;0.000966757;0.00486694;0.00322673;0.00278698
156000;0.270618;0.0244421;0.000973862;0.00489852;0.00317542;0.00275697
157000;0.270963;0.0246241;0.000924913;0.0049534;0.00332976;0.00276921
158000;0.27773;0.0253777;0.00096123;0.00483852;0.00330016;0.00285487
159000;0.275927;0.025305;0.000895306;0.00502879;0.00326502;0.00277711
160000;0.277289;0.0253078;0.000949388;0.00491431;0.00327213;0.00274908
161000;0.277351;0.0252616;0.000897675;0.00509314;0.00333727;0.00272342
162000;0.284743;0.0254586;0.000942282;0.00499287;0.00336924;0.00279053
163000;0.290452;0.0257322;0.000915044;0.00504774;0.00334713;0.00275303
164000;0.285983;0.0259153;0.000997943;0.00545829;0.00338898;0.00268947
165000;0.285108;0.0262568;0.000949388;0.00505169;0.00338977;0.00289001
166000;0.285127;0.0261849;0.000982152;0.00519933;0.00345727;0.00273132
167000;0.289184;0.0263657;0.000914254;0.00517643;0.00336806;0.00276487
168000;0.290477;0.0264925;0.000977415;0.00513893;0.00346635;0.00276092
169000;0.293882;0.0266188;0.000950177;0.00527631;0.00350859;0.00290856
170000;0.293326;0.0267226;0.00099439;0.00539473;0.00346753;0.00281066
171000;0.292351;0.0303421;0.000959256;0.00521749;0.0040498;0.00274237
172000;0.293586;0.0273799;0.00095294;0.00532091;0.00349201;0.00280829
173000;0.297645;0.0273949;0.000969125;0.00602595;0.00353267;0.00274276
174000;0.295418;0.0277825;0.000902412;0.00530946;0.00353306;0.00282092
175000;0.299499;0.0281335;0.000943071;0.00552066;0.00406283;0.00275974
176000;0.303125;0.0285803;0.0010761;0.00537065;0.00363333;0.00278224
177000;0.30255;0.0288969;0.000917018;0.00526999;0.00362702;0.00271
178000;0.307556;0.0286356;0.000851883;0.00542158;0.00355991;0.00276724
179000;0.306522;0.028876;0.000926097;0.00535131;0.00359386;0.00276329
180000;0.306144;0.0291353;0.000853857;0.00539552;0.0037861;0.00293185
181000;0.314974;0.028812;0.000901227;0.00561224;0.00364794;0.00285566
182000;0.317285;0.0294121;0.000947019;0.00546974;0.00366531;0.00283079
183000;0.323727;0.0295727;0.000989653;0.00541842;0.00366057;0.00272579
184000;0.317793;0.0299916;0.000910702;0.00560395;0.00376558;0.00272618
185000;0.345731;0.0298404;0.00100939;0.00600779;0.00393493;0.00276724
186000;0.318044;0.0299904;0.000955309;0.00548118;0.00372057;0.00290698
187000;0.319746;0.0296394;0.00100979;0.0059087;0.00384887;0.00281185
188000;0.317755;0.0299418;0.000964783;0.00563593;0.0039744;0.00278855
189000;0.336848;0.0301589;0.00100031;0.00568922;0.00377308;0.00279724
190000;0.322554;0.0304159;0.000926097;0.00571883;0.00379242;0.00277276
191000;0.32803;0.0338858;0.000911886;0.00567264;0.00382439;0.00280948
192000;0.332017;0.0308892;0.000966757;0.00577567;0.00378215;0.00280948
193000;0.337569;0.0312244;0.000926492;0.00576817;0.00422033;0.00275184
194000;0.330683;0.0313468;0.00108479;0.00572198;0.00449035;0.00288606
195000;0.335264;0.0315422;0.00101847;0.00572277;0.00395111;0.00278382
196000;0.336048;0.0318157;0.00105005;0.00597029;0.00422783;0.00275145
197000;0.33643;0.0315939;0.000957283;0.00593515;0.00394045;0.00275776
198000;0.341627;0.0317107;0.00105321;0.00580923;0.00397559;0.00282369
199000;0.342385;0.0318228;0.00100347;0.00584317;0.00392466;0.00280513
200000;-6.27744e+66;0.0321071;0.0010615;0.00575238;0.0045614;0.00278342
201000;-6.27744e+66;0.0320842;0.00100426;0.00613964;0.00398703;0.00279013
202000;-6.27744e+66;0.0327371;0.00105834;0.00611911;0.00396019;0.00279329
203000;-6.27744e+66;0.0330288;0.000976231;0.00607134;0.00417849;0.00278737
204000;-6.27744e+66;0.0328247;0.00101373;0.00602003;0.00391282;0.00287343
205000;-6.27744e+66;0.0330055;0.000948598;0.00607332;0.00414612;0.00284224
206000;-6.27744e+66;0.0328567;0.00097031;0.00607726;0.00411809;0.00290185
207000;-6.27744e+66;0.0338487;0.000911491;0.00612542;0.00408098;0.00278579
208000;-6.27744e+66;0.0340516;0.00095294;0.00631293;0.0041248;0.00282211
209000;-6.27744e+66;0.0338152;0.000962415;0.00616293;0.00419033;0.00281658
210000;-6.27744e+66;0.0334725;0.00093715;0.00614358;0.00422941;0.00297685
211000;-6.27744e+66;0.0335313;0.000934782;0.00642465;0.00418283;0.00282132
212000;-6.27744e+66;0.0337141;0.000900438;0.00624346;0.0041473;0.00285053
213000;-6.27744e+66;0.033827;0.000937545;0.00621977;0.00426376;0.00277434
214000;-6.27744e+66;0.0341633;0.0010536;0.0061799;0.00422231;0.00300962
215000;-6.27744e+66;0.0345684;0.00103031;0.00623043;0.00419507;0.00277711
216000;-6.27744e+66;0.0348471;0.0009861;0.00659874;0.00489142;0.00281461
217000;-6.27744e+66;0.0351451;0.00103979;0.00692599;0.00427244;0.00280316
218000;-6.27744e+66;0.0350989;0.000981758;0.00653676;0.00428823;0.00292869
219000;-6.27744e+66;0.0350413;0.00111361;0.00631491;0.0042752;0.00280237
220000;-6.27744e+66;0.035468;0.000943466;0.00642741;0.00437389;0.00279171
221000;-6.27744e+66;0.0357791;0.000987679;0.00650123;0.00434231;0.00276092
222000;-6.27744e+66;0.0358399;0.000935571;0.00648544;0.00436205;0.0028225
223000;-6.27744e+66;0.036327;0.00106031;0.00655531;0.00431271;0.00282961
224000;-6.27744e+66;0.036385;0.000949388;0.00640175;0.00445324;0.00278698
225000;-6.27744e+66;0.0361277;0.001129;0.00649294;0.00445127;0.00302699
226000;-6.27744e+66;0.0373111;0.000963204;0.00651426;0.00439205;0.00275303
227000;-6.27744e+66;0.036374;0.00105518;0.00654742;0.00433797;0.00284066
228000;-6.27744e+66;0.036511;0.000959651;0.00666111;0.00439126;0.0028154
229000;-6.27744e+66;0.0365852;0.001024;0.006579;0.00446232;0.00278145
230000;-6.27744e+66;0.0375693;0.00101255;0.00658216;0.00442403;0.00278737
231000;-6.27744e+66;0.0377225;0.00105242;0.00667571;0.00453772;0.00274276
232000;-6.27744e+66;0.0374264;0.00105439;0.00665361;0.00474023;0.00298238
233000;-6.27744e+66;0.0374939;0.00103505;0.00670216;0.00464312;0.00286474
234000;-6.27744e+66;0.0378792;0.00104808;0.00678822;0.00446074;0.00282921
235000;-6.27744e+66;0.0378713;0.000982547;0.00675703;0.00457996;0.00287066
236000;-6.27744e+66;0.0379451;0.000982152;0.00665913;0.00467312;0.00280198
237000;-6.27744e+66;0.0389205;0.000929255;0.00692638;0.00458627;0.00275461
238000;-6.27744e+66;0.038874;0.000972678;0.00684625;0.00461154;0.00282092
239000;-6.27744e+66;0.0393402;0.000938729;0.00683322;0.00469088;0.00279408
240000;-6.27744e+66;0.0390942;0.00100307;0.00695994;0.00460562;0.00276842
241000;-6.27744e+66;0.0391195;0.00096123;0.00697691;0.00465654;0.00278263
242000;-6.27744e+66;0.0390334;0.00100584;0.00684941;0.00478799;0.00285251
243000;-6.27744e+66;0.039039;0.000956888;0.0068652;0.00471575;0.00311541
244000;-6.27744e+66;0.0400732;0.00102518;0.00698086;0.00468378;0.00280474
245000;-6.27744e+66;0.0398778;0.000957283;0.00717232;0.00466049;0.00276882
246000;-6.27744e+66;0.0396828;0.000987284;0.00766576;0.00483615;0.00306883
247000;-6.27744e+66;0.0401151;0.000955704;0.00710955;0.0045918;0.00278145
248000;-6.27744e+66;0.0401471;0.000998337;0.00720271;0.00476707;0.0027775
249000;-6.27744e+66;0.0400594;0.00111203;0.00710639;0.0054046;0.00275184
250000;-6.27744e+66;0.0407052;0.00110729;0.00716955;0.00490287;0.00276605
251000;-6.27744e+66;0.0406717;0.0010761;0.00719837;0.00477773;0.00289909
252000;-6.27744e+66;0.042501;0.00100307;0.00723508;0.00498616;0.00290145
253000;-6.27744e+66;0.0411817;0.00105163;0.00811934;0.00479431;0.00283711
254000;-6.27744e+66;0.0416507;0.000994784;0.0072489;0.004848;0.00286395
255000;-6.27744e+66;0.0416128;0.00102755;0.00723627;0.00472523;0.00284974
256000;-6.27744e+66;0.0415323;0.000978994;0.00726232;0.00502603;0.00277829
257000;-6.27744e+66;0.0413455;0.00101057;0.00722048;0.00491471;0.00301001
258000;-6.27744e+66;0.0418161;0.000981758;0.00725758;0.00490484;0.00281658
259000;-6.27744e+66;0.0418927;0.00100386;0.00736456;0.0049684;0.00274118
260000;-6.27744e+66;0.0417352;0.000957283;0.00726351;0.00600305;0.00283514
261000;-6.27744e+66;0.042094;0.00101926;0.0075197;0.00500077;0.00283869
262000;-6.27744e+66;0.0424256;0.000983731;0.0107543;0.00698323;0.00673769
263000;-6.27744e+66;0.0445474;0.00103821;0.00524117;0.00319476;0.00344227
264000;-6.27744e+66;0.0448233;0.00101886;0.00508327;0.00321529;0.00328239
265000;-6.27744e+66;0.0427667;0.00105676;0.00521157;0.00383624;0.00325002
266000;-6.27744e+66;0.0448711;0.00109624;0.00534183;0.00324213;0.00364123
267000;-6.27744e+66;0.0440962;0.00109663;0.00531262;0.00326581;0.003222
268000;-6.27744e+66;0.0439872;0.00101136;0.00557316;0.00322713;0.00327687
269000;-6.27744e+66;0.0444467;0.00102558;0.00527236;0.00324766;0.00326897
270000;-6.27744e+66;0.0438503;0.000965573;0.00525736;0.00326976;0.0032216
271000;-6.27744e+66;0.044215;0.000956098;0.0052163;0.00326897;0.00327766
272000;-6.27744e+66;0.0445253;0.000991626;0.00538802;0.00326502;0.0032516
273000;-6.27744e+66;0.0445367;0.000944256;0.00527078;0.00331358;0.00389111
274000;-6.27744e+66;0.0447673;0.000978994;0.005405;0.00329463;0.00353188
275000;-6.27744e+66;0.0458908;0.000921755;0.00525538;0.00321331;0.00329661
276000;-6.27744e+66;0.045648;0.000971099;0.00541921;0.00324094;0.00333174
277000;-6.27744e+66;0.0455082;0.000907543;0.00569948;0.00332976;0.00320581
278000;-6.27744e+66;0.0456602;0.000962809;0.00586725;0.00328555;0.00325555
279000;-6.27744e+66;0.046055;0.00090557;0.00533354;0.00338582;0.00323226
280000;-6.27744e+66;0.0459823;0.00097781;0.00543421;0.00324884;0.00332898
281000;-6.27744e+66;0.046025;0.000960046;0.00541329;0.00332819;0.003237
282000;-6.27744e+66;0.0466167;0.00100465;0.00539552;0.00339569;0.0031762
283000;-6.27744e+66;0.046447;0.000989258;0.00536868;0.00342174;0.00326068
284000;-6.27744e+66;0.046387;0.00102873;0.00600818;0.00355359;0.0032295
285000;-6.27744e+66;0.0466763;0.00100189;0.00546816;0.00343635;0.00360294
286000;-6.27744e+66;0.0471982;0.00105952;0.00551671;0.00338661;0.00354175
287000;-6.27744e+66;0.0469519;0.00103465;0.00545395;0.00343714;0.00331674
288000;-6.27744e+66;0.0474524;0.00107887;0.00544289;0.00384808;0.00353148
289000;-6.27744e+66;0.0475428;0.00103387;0.00551829;0.0034778;0.00326305
290000;-6.27744e+66;0.0478183;0.00104729;0.00554869;0.00335424;0.00324094
291000;-6.27744e+66;0.048026;0.00111597;0.00550211;0.00341148;0.00325397
292000;-6.27744e+66;0.0480662;0.00103979;0.00544802;0.00337279;0.00318686
293000;-6.27744e+66;0.0483047;0.00110097;0.00542039;0.00373478;0.00327568
294000;-6.27744e+66;0.0480023;0.00104452;0.00580923;0.00345688;0.00329818
295000;-6.27744e+66;0.0481563;0.00109742;0.00552619;0.00337319;0.00322121
296000;-6.27744e+66;0.0490081;0.00104492;0.00559329;0.00345609;0.00327213
297000;-6.27744e+66;0.0486379;0.00110255;0.00570304;0.0034703;0.00319673
298000;-6.27744e+66;0.0491574;0.00104373;0.00565014;0.00341937;0.00325831
299000;-6.27744e+66;0.0495087;0.0011294;0.00554474;0.00348964;0.00329424
300000;-6.27744e+66;0.0497625;0.00102084;0.00573304;0.00351846;0.00330055
301000;-6.27744e+66;0.0494968;0.00109624;0.00595015;0.00348688;0.00323818
302000;-6.27744e+66;0.0496666;0.00107334;0.00588778;0.00376123;0.00336529
303000;-6.27744e+66;0.0501545;0.00116177;0.006549;0.00364912;0.003237
304000;-6.27744e+66;0.050858;0.00103268;0.00619332;0.00344109;0.00328279
305000;-6.27744e+66;0.0512638;0.001174;0.00566514;0.00350346;0.00326305
306000;-6.27744e+66;0.0503357;0.00104887;0.00567501;0.00349714;0.00327766
307000;-6.27744e+66;0.0510901;0.00115111;0.00561224;0.00348688;0.00340674
308000;-6.27744e+66;0.0500325;0.00113848;0.00583962;0.00367873;0.00318489
309000;-6.27744e+66;0.0505789;0.00111913;0.00577014;0.00352714;0.00324529
310000;-6.27744e+66;0.0506353;0.00108755;0.00606897;0.00355754;0.00322831
311000;-6.27744e+66;0.0515618;0.00118032;0.00573225;0.0038765;0.0032895
312000;-6.27744e+66;0.0514769;0.00114203;0.00571133;0.0036357;0.00329029
313000;-6.27744e+66;0.0508355;0.00106939;0.00616608;0.00354333;0.00320344
314000;-6.27744e+66;0.0510901;0.00114755;0.00646847;0.00363846;0.00324016
315000;-6.27744e+66;0.0511315;0.00105676;0.0057583;0.00375294;0.00331042
316000;-6.27744e+66;0.0514864;0.00109663;0.00595094;0.00365504;0.00325042
317000;-6.27744e+66;0.0516194;0.00113019;0.00582659;0.00364399;0.00323147
318000;-6.27744e+66;0.0517095;0.00114321;0.00602437;0.0035978;0.00321568
319000;-6.27744e+66;0.0520635;0.00102952;0.00595923;0.00372334;0.00326068
320000;-6.27744e+66;0.0522874;0.0010461;0.00590278;0.00368347;0.00327963
321000;-6.27744e+66;0.0529083;0.000999522;0.00589726;0.00384413;0.00329147
322000;-6.27744e+66;0.0532703;0.00101926;0.00588107;0.00366136;0.00330095
323000;-6.27744e+66;0.0526952;0.000963599;0.00621661;0.00364952;0.00327174
324000;-6.27744e+66;0.0526482;0.00102676;0.00609227;0.00380387;0.00331437
325000;-6.27744e+66;0.0528633;0.000980179;0.00597739;0.00387571;0.00328318
326000;-6.27744e+66;0.0535194;0.00101413;0.00582304;0.00364202;0.00323187
327000;-6.27744e+66;0.0535111;0.000948203;0.00591068;0.00371781;0.00331555
328000;-6.27744e+66;0.0548592;0.00102321;0.00601134;0.00483892;0.00324094
329000;-6.27744e+66;0.0539734;0.00100071;0.00602792;0.00430244;0.00331279
330000;-6.27744e+66;0.0542994;0.00103426;0.00602674;0.00374623;0.00331279
331000;-6.27744e+66;0.055053;0.00100426;0.00596476;0.00369294;0.003252
332000;-6.27744e+66;0.0552338;0.000967152;0.00610687;0.00378531;0.00321331
333000;-6.27744e+66;0.0553219;0.00100426;0.00613174;0.00408177;0.00352083
334000;-6.27744e+66;0.0555496;0.000995179;0.00612187;0.00374268;0.0032141
335000;-6.27744e+66;0.0564035;0.000992811;0.00596515;0.00377189;0.00320423
336000;-6.27744e+66;0.0551395;0.000948993;0.00635241;0.00403954;0.00327134
337000;-6.27744e+66;0.0549314;0.000957677;0.00620003;0.00389466;0.00324292
338000;-6.27744e+66;0.0550432;0.000980179;0.00604726;0.00383308;0.00372136
339000;-6.27744e+66;0.0568811;0.00100031;0.00646531;0.00387413;0.00325634
340000;-6.27744e+66;0.0579553;0.00109189;0.0061803;0.00378452;0.00327647
341000;-6.27744e+66;0.0556689;0.00111992;0.00622253;0.00384492;0.00323384
342000;-6.27744e+66;0.0558552;0.00104097;0.00612227;0.00394243;0.00345451
343000;-6.27744e+66;0.0563151;0.00102202;0.00606463;0.00396256;0.00318449
344000;-6.27744e+66;0.0572917;0.00100939;0.00706929;0.00380979;0.00327016
345000;-6.27744e+66;0.0574966;0.00104097;0.00676217;0.00387058;0.003387
346000;-6.27744e+66;0.0566115;0.00106189;0.0061878;0.00386308;0.00320186
347000;-6.27744e+66;0.0565799;0.000998732;0.00640096;0.00386703;0.00322989
348000;-6.27744e+66;0.0576264;0.000999916;0.00652571;0.00386229;0.00324608
349000;-6.27744e+66;0.0578246;0.00101097;0.00675032;0.0040198;0.00320818
350000;-6.27744e+66;0.0578795;0.00103229;0.00622253;0.00396611;0.00332345
351000;-6.27744e+66;0.0574472;0.000989653;0.00622017;0.00449864;0.00346122
352000;-6.27744e+66;0.057585;0.00102676;0.00655847;0.00404546;0.0033124
353000;-6.27744e+66;0.0579182;0.000960441;0.00641833;0.00388321;0.00329621
354000;-6.27744e+66;0.0585186;0.00102084;0.00635754;0.00393611;0.0033049
355000;-6.27744e+66;0.058382;0.00095373;0.00633938;0.00395032;0.00321094
356000;-6.27744e+66;0.0594703;0.0010315;0.00636228;0.00409638;0.00322555
357000;-6.27744e+66;0.0587657;0.000971889;0.00630464;0.00396335;0.00321686
358000;-6.27744e+66;0.0593953;0.00102242;0.00644123;0.00399769;0.003312
359000;-6.27744e+66;0.0591253;0.0009936;0.00628254;0.00413783;0.003252
360000;-6.27744e+66;0.0595118;0.00102084;0.00635241;0.00402335;0.00329226
361000;-6.27744e+66;0.0594159;0.00100702;0.00677835;0.00394322;0.00354451
362000;-6.27744e+66;0.0599464;0.00103623;0.00638596;0.00403519;0.003312
363000;-6.27744e+66;0.0600088;0.00107216;0.00649136;0.0041027;0.00322989
364000;-6.27744e+66;0.0602401;0.00104373;0.00645584;0.00401151;0.00332187
365000;-6.27744e+66;0.0601387;0.000980179;0.00640096;0.00400717;0.00330647
366000;-6.27744e+66;0.0618172;0.00105716;0.00647281;0.00424205;0.00356504
367000;-6.27744e+66;0.0609321;0.000982152;0.00650676;0.00516893;0.00327845
368000;-6.27744e+66;0.0607126;0.000973862;0.00670335;0.00402177;0.00320818
369000;-6.27744e+66;0.0612424;0.00113374;0.00645268;0.00401585;0.00320621
370000;-6.27744e+66;0.0614872;0.00110492;0.00652413;0.00409559;0.0032291
371000;-6.27744e+66;0.0619818;0.00111163;0.00640215;0.00429099;0.00324134
372000;-6.27744e+66;0.0625779;0.000996758;0.00651505;0.00451798;0.00323542
373000;-6.27744e+66;0.062283;0.00105597;0.00680046;0.00407348;0.00326542
374000;-6.27744e+66;0.0637329;0.000990047;0.00651584;0.00426297;0.00315923
375000;-6.27744e+66;0.0711946;0.00104729;0.00649886;0.00410585;0.00323621
376000;-6.27744e+66;0.0620915;0.00101886;0.00644123;0.00410901;0.00325121
377000;-6.27744e+66;0.0623908;0.00105479;0.006684;0.00409125;0.00328121
378000;-6.27744e+66;0.062645;0.000984916;0.00685059;0.00405296;0.00321884
379000;-6.27744e+66;0.0625518;0.00107768;0.00651031;0.00426849;0.00326937
380000;-6.27744e+66;0.0629316;0.00103426;0.00659755;0.0042002;0.00334674
381000;-6.27744e+66;0.0632249;0.0010465;0.00657308;0.00410467;0.00324292
382000;-6.27744e+66;0.0629588;0.000986889;0.00697849;0.00444692;0.00318568
383000;-6.27744e+66;0.0631372;0.00108084;0.00789314;0.00415323;0.00329779
384000;-6.27744e+66;0.063618;0.000963599;0.00656202;0.0042681;0.00313712
385000;-6.27744e+66;0.0644901;0.00118821;0.00673453;0.00427205;0.0037411
386000;-6.27744e+66;0.0639039;0.00116374;0.00672624;0.00464233;0.00321686
387000;-6.27744e+66;0.0647498;0.00138796;0.00691454;0.00421125;0.00319239
388000;-6.27744e+66;0.0649014;0.00112663;0.00674795;0.00418244;0.0032445
389000;-6.27744e+66;0.0651244;0.00105952;0.00662479;0.00544329;0.00324252
390000;-6.27744e+66;0.0655121;0.00109939;0.00679611;0.00488234;0.00318805
391000;-6.27744e+66;0.06549;0.00101729;0.00688454;0.00421244;0.00318923
392000;-6.27744e+66;0.0646345;0.00104926;0.00683638;0.00424836;0.00321765
393000;-6.27744e+66;0.065111;0.000998337;0.00672466;0.00451916;0.00316436
394000;-6.27744e+66;0.0656013;0.00105045;0.0067744;0.00437074;0.00324213
395000;-6.27744e+66;0.0653522;0.000986889;0.00674243;0.00445442;0.00326029
396000;-6.27744e+66;0.0657675;0.00108716;0.00716363;0.00451995;0.0032441
397000;-6.27744e+66;0.0663675;0.000995179;0.00699626;0.00428942;0.00335858
398000;-6.27744e+66;0.0665353;0.00103584;0.00717705;0.00426099;0.00329621
399000;-6.27744e+66;0.066499;0.00110018;0.00688572;0.00427284;0.00330055
400000;-6.27744e+66;0.0668464;0.00108439;0.00694217;0.00436284;0.00330095
401000;-6.27744e+66;0.066467;0.000996364;0.00679059;0.00427639;0.00321805
402000;-6.27744e+66;0.0663869;0.00104413;0.00676967;0.00444929;0.00323187
403000;-6.27744e+66;0.0670133;0.000999916;0.00701363;0.00435258;0.00324094
404000;-6.27744e+66;0.0672407;0.00104373;0.00689322;0.00442403;0.00329424
405000;-6.27744e+66;0.067986;0.000982152;0.00785209;0.00436639;0.00335029
406000;-6.27744e+66;0.0675976;0.00104334;0.00733298;0.00468141;0.00326542
407000;-6.27744e+66;0.0680018;0.00104926;0.00691573;0.00441653;0.00321134
408000;-6.27744e+66;0.0678869;0.00103387;0.00735312;0.00441179;0.00320384
409000;-6.27744e+66;0.0675723;0.00106466;0.00685651;0.00450416;0.00359267
410000;-6.27744e+66;0.067086;0.00102479;0.00690625;0.00457364;0.00328003
411000;-6.27744e+66;0.0677018;0.0010386;0.00721495;0.0045239;0.00325752
412000;-6.27744e+66;0.069933;0.001009;0.00703849;0.00440271;0.00321489
413000;-6.27744e+66;0.0687341;0.00105755;0.00712732;0.00448719;0.00326108
414000;-6.27744e+66;0.0689788;0.000985705;0.00724495;0.00443508;0.00320818
415000;-6.27744e+66;0.0705594;0.00103465;0.00691454;0.00444455;0.00330568
416000;-6.27744e+66;0.0690661;0.00100623;0.00731167;0.004441;0.0032591
417000;-6.27744e+66;0.0698611;0.00103189;0.00721692;0.00537342;0.00327529
418000;-6.27744e+66;0.0696266;0.000997548;0.00782603;0.00445561;0.00325516
419000;-6.27744e+66;0.0698887;0.00106781;0.0079038;0.0044564;0.00335858
420000;-6.27744e+66;0.0701698;0.00102913;0.00709416;0.00452311;0.00320226
421000;-6.27744e+66;0.0704442;0.00112821;0.0072868;0.00446232;0.00322081
422000;-6.27744e+66;0.0702472;0.00115545;0.00724653;0.00456811;0.003237
423000;-6.27744e+66;0.0693396;0.00132125;0.00716087;0.00450101;0.00324371
424000;-6.27744e+66;0.0699878;0.00112624;0.00722442;0.00485984;0.00325752
425000;-6.27744e+66;0.0718005;0.00112821;0.00732509;0.00461667;0.00324371
426000;-6.27744e+66;0.0717844;0.00109466;0.00726982;0.00455351;0.00323187
427000;-6.27744e+66;0.0707612;0.00103387;0.00842251;0.00459496;0.00324647
428000;-6.27744e+66;0.0724247;0.00107729;0.00763852;0.00456969;0.0033945
429000;-6.27744e+66;0.0714745;0.00101808;0.00745733;0.00457403;0.00328595
430000;-6.27744e+66;0.0720346;0.00109703;0.00733219;0.00462654;0.00327924
431000;-6.27744e+66;0.0708042;0.00103663;0.00767484;0.00467904;0.00324726
432000;-6.27744e+66;0.07151;0.00107887;0.0073618;0.00457167;0.00323976
433000;-6.27744e+66;0.0717465;0.00100031;0.00816039;0.00497945;0.0032745
434000;-6.27744e+66;0.073213;0.00108597;0.00747904;0.0049226;0.00344701
435000;-6.27744e+66;0.0729011;0.000986889;0.00719758;0.00507182;0.00329858
436000;-6.27744e+66;0.0727405;0.00106939;0.00745733;0.00464943;0.00323779
437000;-6.27744e+66;0.0725016;0.00100347;0.00725403;0.00494787;0.00338029
438000;-6.27744e+66;0.0724989;0.00105992;0.00736575;0.00477062;0.00333055
439000;-6.27744e+66;0.0735252;0.00102084;0.00807236;0.00464193;0.0031687
440000;-6.27744e+66;0.0730772;0.00112387;0.00758721;0.00526999;0.00331595
441000;-6.27744e+66;0.0736547;0.00101847;0.00729667;0.0048247;0.0031841
442000;-6.27744e+66;0.0737514;0.00108518;0.00734996;0.00463838;0.00320265
443000;-6.27744e+66;0.0745891;0.0010386;0.00754062;0.00504379;0.00327016
444000;-6.27744e+66;0.0756743;0.00108163;0.00738075;0.00616411;0.00357136
445000;-6.27744e+66;0.073783;0.00104137;0.00750668;0.00492221;0.00348332
446000;-6.27744e+66;0.0745508;0.00110018;0.00735114;0.00481168;0.00328358
447000;-6.27744e+66;0.0744332;0.00102676;0.00773958;0.00487958;0.00323818
448000;-6.27744e+66;0.0741841;0.000980968;0.00755997;0.00469838;0.00319318
449000;-6.27744e+66;0.0754465;0.00112821;0.00779208;0.0048851;0.00340832
450000;-6.27744e+66;0.0750273;0.00100347;0.00754181;0.00477773;0.00329503
451000;-6.27744e+66;0.0754347;0.00106189;0.00745615;0.00509985;0.00329147
452000;-6.27744e+66;0.0756253;0.00102044;0.00773287;0.00486023;0.00322239
453000;-6.27744e+66;0.0765123;0.00108242;0.00750628;0.00486418;0.00329818
454000;-6.27744e+66;0.0758752;0.00100702;0.00759865;0.0048172;0.00327726
455000;-6.27744e+66;0.0777996;0.00108439;0.00762471;0.00481641;0.00334634
456000;-6.27744e+66;0.0769043;0.00101176;0.00776721;0.00544447;0.00329029
457000;-6.27744e+66;0.0758393;0.00112308;0.00751497;0.00486931;0.00381531
458000;-6.27744e+66;0.0771676;0.00101136;0.00870831;0.00487602;0.00326858
459000;-6.27744e+66;0.0763892;0.0010461;0.00824092;0.00499603;0.00324173
460000;-6.27744e+66;0.0780073;0.00104176;0.00985824;0.00503985;0.0032366
461000;-6.27744e+66;0.0773808;0.001084;0.00896451;0.00505129;0.00324923
462000;-6.27744e+66;0.0780341;0.00105163;0.00802736;0.00493326;0.00319713
463000;-6.27744e+66;0.077862;0.00110018;0.00773682;0.00490918;0.00337042
464000;-6.27744e+66;0.0786985;0.00104492;0.00791762;0.0049684;0.003297
465000;-6.27744e+66;0.0775277;0.00105597;0.00785406;0.00549342;0.003237
466000;-6.27744e+66;0.0787502;0.00103623;0.00769971;0.00488629;0.00347306
467000;-6.27744e+66;0.0783961;0.0009936;0.00777748;0.00486142;0.0032441
468000;-6.27744e+66;0.0773891;0.00108795;0.00784182;0.00496405;0.00323344
469000;-6.27744e+66;0.0778352;0.000998732;0.00822868;0.00513143;0.00324016
470000;-6.27744e+66;0.0777629;0.0010536;0.00773958;0.004908;0.00335306
471000;-6.27744e+66;0.078254;0.00104018;0.00800051;0.00550684;0.00317265
472000;-6.27744e+66;0.0786614;0.00112111;0.0078213;0.00527512;0.00336964
473000;-6.27744e+66;0.0777629;0.00131769;0.00786314;0.00497945;0.00322436
474000;-6.27744e+66;0.0786326;0.00123874;0.00767208;0.00518827;0.0032441
475000;-6.27744e+66;0.0785153;0.00108084;0.00779958;0.00521946;0.00341029
476000;-6.27744e+66;0.0789275;0.00112032;0.00774669;0.00486497;0.0033645
477000;-6.27744e+66;0.0790348;0.00102636;0.00796341;0.00504222;0.00323108
478000;-6.27744e+66;0.0796009;0.00106347;0.00778261;0.00508643;0.00321292
479000;-6.27744e+66;0.0794588;0.00103702;0.00849949;0.00514288;0.00338464
480000;-6.27744e+66;0.0798922;0.00106584;0.00791091;0.00489221;0.00354609
481000;-6.27744e+66;0.079458;0.00101334;0.00807512;0.00527236;0.00321094
482000;-6.27744e+66;0.0816908;0.00106939;0.0078284;0.00498261;0.00326068
483000;-6.27744e+66;0.0806312;0.000978205;0.00818329;0.0051559;0.00326976
484000;-6.27744e+66;0.0807852;0.00108953;0.00785643;0.00501695;0.00327489
485000;-6.27744e+66;0.0805294;0.00102281;0.00835619;0.00536828;0.00330805
486000;-6.27744e+66;0.0814421;0.00100623;0.00804749;0.0050888;0.00324647
487000;-6.27744e+66;0.0813852;0.00103031;0.00865541;0.00547842;0.00319752
488000;-6.27744e+66;0.0823145;0.00108005;0.00799222;0.00529407;0.00326226
489000;-6.27744e+66;0.0816442;0.00113571;0.00950019;0.0050509;0.00331161
490000;-6.27744e+66;0.0817512;0.00105439;0.00970783;0.00506669;0.00332187
491000;-6.27744e+66;0.0820516;0.00111637;0.00964625;0.00520249;0.0033799
492000;-6.27744e+66;0.0820417;0.00108282;0.0096427;0.00528381;0.00316673
493000;-6.27744e+66;0.0833132;0.00107413;0.00944887;0.00518038;0.0032891
494000;-6.27744e+66;0.0884431;0.00102676;0.00833171;0.00521393;0.00335977
495000;-6.27744e+66;0.0829891;0.00106387;0.00800446;0.00505287;0.003252
496000;-6.27744e+66;0.0833345;0.00100307;0.00808776;0.00517288;0.00323739
497000;-6.27744e+66;0.0823579;0.00110097;0.00820934;0.00530828;0.00321489
498000;-6.27744e+66;0.0831561;0.0009936;0.00809802;0.00552737;0.00327766
499000;-6.27744e+66;0.0830704;0.00106624;0.00840553;0.00529131;0.00328318
500000;-6.27744e+66;0.0831237;0.00101965;0.00821092;0.00544605;0.00328989
501000;-6.27744e+66;0.0852743;0.00106031;0.00832974;0.00566356;0.00338069
502000;-6.27744e+66;0.0851153;0.00107334;0.00804986;0.00600187;0.00322673
503000;-6.27744e+66;0.0841339;0.00106584;0.00819395;0.0065036;0.0033645
504000;-6.27744e+66;0.0837924;0.00111716;0.00826263;0.00531775;0.00359583
505000;-6.27744e+66;0.0841335;0.00110847;0.00813355;0.0052317;0.00324923
506000;-6.27744e+66;0.0841173;0.00101847;0.00831987;0.00523367;0.00320976
507000;-6.27744e+66;0.0851386;0.0010611;0.00831514;0.00525657;0.00316318
508000;-6.27744e+66;0.085538;0.0011065;0.00843277;0.0055779;0.00330371
509000;-6.27744e+66;0.0859727;0.00108005;0.00850264;0.00541684;0.00329818
510000;-6.27744e+66;0.0853825;0.00113808;0.00809012;0.00559803;0.00324923
511000;-6.27744e+66;0.0890277;0.00107334;0.00860568;0.00541684;0.00316476
512000;-6.27744e+66;0.0854129;0.00108045;0.00885279;0.00533789;0.00329029
513000;-6.27744e+66;0.0871723;0.0010536;0.00837751;0.0053446;0.00351491
514000;-6.27744e+66;0.0858017;0.00107097;0.00826697;0.00534183;0.00321292
515000;-6.27744e+66;0.0863122;0.00102479;0.00827803;0.00530473;0.00328318
516000;-6.27744e+66;0.0865885;0.00110926;0.00885319;0.00646768;0.00327213
517000;-6.27744e+66;0.0865731;0.000975441;0.00849712;0.00550921;0.00316673
518000;-6.27744e+66;0.0869398;0.00126124;0.0100047;0.00544329;0.00324726
519000;-6.27744e+66;0.0875943;0.00108558;0.00888477;0.00534105;0.00348846
520000;-6.27744e+66;0.0877187;0.00115269;0.00865936;0.00536276;0.00348767
521000;-6.27744e+66;0.0876066;0.00104926;0.00834356;0.00550882;0.00331318
522000;-6.27744e+66;0.0881659;0.00109387;0.00861199;0.00571291;0.00323423
523000;-6.27744e+66;0.087487;0.00106939;0.00870318;0.00530631;0.003372
524000;-6.27744e+66;0.0873231;0.001054;0.00863883;0.00531736;0.00332463
525000;-6.27744e+66;0.0882599;0.00105676;0.00880621;0.00551355;0.00327647
526000;-6.27744e+66;0.087571;0.000990047;0.00856975;0.00529446;0.00320226
527000;-6.27744e+66;0.0897252;0.00106781;0.0084379;0.00568567;0.00321292
528000;-6.27744e+66;0.088325;0.00105439;0.00865186;0.00549184;0.00329463
529000;-6.27744e+66;0.0881446;0.00107768;0.00843396;0.00547408;0.00318252
530000;-6.27744e+66;0.0892089;0.00103387;0.00869805;0.00616648;0.00325516
531000;-6.27744e+66;0.0900884;0.00108282;0.0104914;0.005495;0.0032745
532000;-6.27744e+66;0.0890451;0.00100228;0.0100884;0.00554474;0.00323463
533000;-6.27744e+66;0.0895582;0.00110216;0.010476;0.00578041;0.00337437
534000;-6.27744e+66;0.0897694;0.00107334;0.00944137;0.00553053;0.00321726
535000;-6.27744e+66;0.0889487;0.00113966;0.00895819;0.00576738;0.00330687
536000;-6.27744e+66;0.0896226;0.00103189;0.00857173;0.00562053;0.00322713
537000;-6.27744e+66;0.0895796;0.00123914;0.0101981;0.00547645;0.00340595
538000;-6.27744e+66;0.0897382;0.00106545;0.0101054;0.00558974;0.00323265
539000;-6.27744e+66;0.09021;0.00115663;0.00883503;0.00551513;0.00323423
540000;-6.27744e+66;0.0900339;0.00105834;0.00860094;0.0055325;0.00329463
541000;-6.27744e+66;0.0912399;0.00109861;0.00850067;0.0056308;0.00322081
542000;-6.27744e+66;0.0904117;0.00105163;0.00943703;0.00577962;0.00325476
543000;-6.27744e+66;0.0914874;0.00105676;0.00912044;0.00558816;0.00328989
544000;-6.27744e+66;0.0903643;0.00102913;0.00897477;0.00641794;0.00327568
545000;-6.27744e+66;0.0922011;0.00102439;0.00880503;0.00581673;0.00321963
546000;-6.27744e+66;0.0916173;0.0010765;0.0105459;0.00560908;0.003222
547000;-6.27744e+66;0.0910271;0.001039;0.00925702;0.00642465;0.00322989
548000;-6.27744e+66;0.0925564;0.00122572;0.0089203;0.0069481;0.00332424
549000;-6.27744e+66;0.0936526;0.00113216;0.0089428;0.00564895;0.00326581
550000;-6.27744e+66;0.0948259;0.00115861;0.00916978;0.00561816;0.00324292
551000;-6.27744e+66;0.0925833;0.0010761;0.00925465;0.00592173;0.00324845
552000;-6.27744e+66;0.0928288;0.00118387;0.0092211;0.0058112;0.00366689
553000;-6.27744e+66;0.0933029;0.00118545;0.00981718;0.00563593;0.00327016
554000;-6.27744e+66;0.0932654;0.001099;0.00885042;0.00588265;0.00320344
555000;-6.27744e+66;0.0933479;0.00106663;0.00893648;0.00578988;0.00339648
556000;-6.27744e+66;0.0970783;0.00115545;0.0088895;0.00564066;0.003282
557000;-6.27744e+66;0.0944161;0.00120322;0.00926531;0.0062099;0.00329345
558000;-6.27744e+66;0.0947868;0.00112703;0.0090182;0.00581594;0.00339608
559000;-6.27744e+66;0.0953631;0.00102597;0.00922978;0.00615977;0.00323187
560000;-6.27744e+66;0.095101;0.00115506;0.00885003;0.00586252;0.00323858
561000;-6.27744e+66;0.0943904;0.00107374;0.00898069;0.00557987;0.00331674
562000;-6.27744e+66;0.096534;0.00110571;0.00884174;0.00617359;0.00330608
563000;-6.27744e+66;0.0952707;0.00108874;0.00897438;0.00594305;0.00323384
564000;-6.27744e+66;0.0961286;0.00111203;0.00971375;0.00580409;0.00330253
565000;-6.27744e+66;0.0946123;0.00112703;0.00903833;0.00734404;0.00329029
566000;-6.27744e+66;0.0948847;0.00109071;0.00904662;0.00635715;0.00336924
567000;-6.27744e+66;0.0960918;0.0011144;0.00967231;0.00600818;0.00331674
568000;-6.27744e+66;0.0953963;0.00108439;0.00942677;0.00614674;0.00325239
569000;-6.27744e+66;0.0962296;0.00109861;0.00896885;0.0056983;0.00315291
570000;-6.27744e+66;0.0960307;0.00102834;0.00900359;0.00643926;0.00348411
571000;-6.27744e+66;0.098109;0.00109071;0.00972244;0.00573304;0.00342214
572000;-6.27744e+66;0.0966358;0.00102044;0.00900793;0.00572948;0.003237
573000;-6.27744e+66;0.0966733;0.00109032;0.00904859;0.00610332;0.00326147
574000;-6.27744e+66;0.10098;0.00106031;0.00918676;0.00600897;0.00322831
575000;-6.27744e+66;0.09644;0.00118308;0.00946624;0.00618898;0.00362386
576000;-6.27744e+66;0.0979464;0.00109782;0.00959454;0.0059316;0.00328595
577000;-6.27744e+66;0.0967317;0.0011065;0.00928387;0.00597976;0.0032291
578000;-6.27744e+66;0.0972583;0.00107018;0.0103083;0.00671637;0.00319199
579000;-6.27744e+66;0.0977968;0.00107137;0.0103769;0.00633938;0.00320384
580000;-6.27744e+66;0.0972785;0.00105913;0.00925189;0.00602476;0.00320581
581000;-6.27744e+66;0.0982208;0.00110176;0.00920531;0.00600068;0.00321726
582000;-6.27744e+66;0.0997264;0.00104531;0.00926689;0.00654071;0.00324884
583000;-6.27744e+66;0.0983514;0.00111795;0.00919662;0.00633307;0.00320068
584000;-6.27744e+66;0.10093;0.00105952;0.0100422;0.00604647;0.00315805
585000;-6.27744e+66;0.0997496;0.00107255;0.00939716;0.00626438;0.00323937
586000;-6.27744e+66;0.100971;0.00108913;0.00947098;0.00601766;0.00328595
587000;-6.27744e+66;0.0997848;0.00102676;0.00953335;0.00628175;0.00321055
588000;-6.27744e+66;0.0998025;0.00107531;0.00912675;0.0080617;0.00322713
589000;-6.27744e+66;0.0993884;0.00101413;0.00958427;0.00642741;0.00316949
590000;-6.27744e+66;0.0994552;0.00109347;0.00912083;0.00631412;0.00334516
591000;-6.27744e+66;0.09918;0.000998732;0.00984679;0.00601016;0.00333292
592000;-6.27744e+66;0.0993991;0.00109663;0.0100232;0.00598608;0.0032595
593000;-6.27744e+66;0.0995392;0.00106426;0.00948085;0.0059841;0.00318726
594000;-6.27744e+66;0.100941;0.00123124;0.00952111;0.00614674;0.00355557
595000;-6.27744e+66;0.0998744;0.0010915;0.00938058;0.00662124;0.00346003
596000;-6.27744e+66;0.101207;0.00119098;0.0100947;0.0061803;0.00320897
597000;-6.27744e+66;0.102533;0.00107571;0.0100781;0.00647518;0.0032145
598000;-6.27744e+66;0.100104;0.00109703;0.00977692;0.0061349;0.00320581
599000;-6.27744e+66;0.102757;0.001069;0.0098606;0.0060295;0.00324845
600000;-6.27744e+66;0.100322;0.00109466;0.0102104;0.00646334;0.00321686
601000;-6.27744e+66;0.101163;0.00110255;0.00973468;0.00602713;0.00330134
602000;-6.27744e+66;0.10443;0.00120953;0.00973823;0.00612187;0.00328121
603000;-6.27744e+66;0.100768;0.00128375;0.011099;0.00625569;0.00322397
604000;-6.27744e+66;0.101084;0.00113848;0.0109537;0.00611516;0.00326384
605000;-6.27744e+66;0.1025;0.00107295;0.00955704;0.00685178;0.00320936
606000;-6.27744e+66;0.101688;0.00107097;0.00984205;0.00616135;0.0032216
607000;-6.27744e+66;0.103054;0.0010765;0.00942085;0.00619174;0.00324134
608000;-6.27744e+66;0.102696;0.00105439;0.0100035;0.00663269;0.00343911
609000;-6.27744e+66;0.102254;0.00110255;0.0101409;0.00623596;0.00326621
610000;-6.27744e+66;0.102654;0.0010461;0.009786;0.00655729;0.0032741
611000;-6.27744e+66;0.103315;0.00115032;0.00969046;0.00646531;0.00325437
612000;-6.27744e+66;0.103495;0.0010686;0.0100371;0.00652887;0.00319713
613000;-6.27744e+66;0.103028;0.00110808;0.00970704;0.00643965;0.00333529
614000;-6.27744e+66;0.105041;0.00106466;0.00962967;0.00635241;0.00328516
615000;-6.27744e+66;0.105562;0.00110768;0.00969599;0.00703928;0.00328555
616000;-6.27744e+66;0.103103;0.00104926;0.0110161;0.00643254;0.0032666
617000;-6.27744e+66;0.103724;0.00120598;0.00987245;0.00635715;0.00319673
618000;-6.27744e+66;0.105596;0.00120085;0.0096348;0.00639149;0.00334516
619000;-6.27744e+66;0.104301;0.00123953;0.0102036;0.0072639;0.00325555
620000;-6.27744e+66;0.105376;0.00112426;0.0096277;0.0071206;0.00332463
621000;-6.27744e+66;0.105648;0.00111242;0.00972007;0.00634965;0.00331082
622000;-6.27744e+66;0.105185;0.0011365;0.0101492;0.00642899;0.00322673
623000;-6.27744e+66;0.105612;0.00109505;0.00991784;0.00645307;0.00380939
624000;-6.27744e+66;0.106226;0.00112229;0.0100659;0.00698086;0.00324608
625000;-6.27744e+66;0.105935;0.00106031;0.00996127;0.00700257;0.00320186
626000;-6.27744e+66;0.107648;0.00121585;0.0101744;0.00761208;0.00330568
627000;-6.27744e+66;0.106228;0.00108874;0.00993798;0.00793341;0.00328239
628000;-6.27744e+66;0.105864;0.00113532;0.0105664;0.00683401;0.00331871
629000;-6.27744e+66;0.105828;0.00106781;0.0114069;0.00645663;0.003252
630000;-6.27744e+66;0.106504;0.00109663;0.0101377;0.00650913;0.00323344
631000;-6.27744e+66;0.106298;0.00108045;0.0103726;0.00730496;0.00329897
632000;-6.27744e+66;0.106854;0.00109821;0.0105352;0.00642899;0.00324134
633000;-6.27744e+66;0.106956;0.00128651;0.00991942;0.00674322;0.00315212
634000;-6.27744e+66;0.106736;0.00112861;0.0100264;0.00647518;0.00328792
635000;-6.27744e+66;0.106829;0.001039;0.0102775;0.0067298;0.00322358
636000;-6.27744e+66;0.107044;0.0011144;0.0101772;0.00678072;0.00324766
637000;-6.27744e+66;0.106714;0.00109229;0.00999956;0.00644636;0.00342569
638000;-6.27744e+66;0.108918;0.00111163;0.0120077;0.00674598;0.0033349
639000;-6.27744e+66;0.108053;0.00106939;0.0121514;0.00651426;0.00329503
640000;-6.27744e+66;0.107941;0.00110453;0.0119998;0.00704836;0.0032741
641000;-6.27744e+66;0.108588;0.0011069;0.0101563;0.00657308;0.00327253
642000;-6.27744e+66;0.107643;0.00112347;0.0102704;0.00748378;0.0031995
643000;-6.27744e+66;0.107217;0.00108242;0.0101318;0.00674519;0.00339174
644000;-6.27744e+66;0.108042;0.00107255;0.0100848;0.00653281;0.00325121
645000;-6.27744e+66;0.107746;0.00115782;0.0103181;0.00737048;0.00318489
646000;-6.27744e+66;0.10839;0.00107058;0.0105384;0.0069027;0.0033045
647000;-6.27744e+66;0.107958;0.0011294;0.0102522;0.00728838;0.00363136
648000;-6.27744e+66;0.109528;0.00108281;0.0104926;0.00646452;0.00331358
649000;-6.27744e+66;0.110398;0.00113769;0.0103296;0.00663584;0.00333371
650000;-6.27744e+66;0.11097;0.00106663;0.0101507;0.0069702;0.00325239
651000;-6.27744e+66;0.110847;0.00110334;0.010686;0.00688967;0.0032295
652000;-6.27744e+66;0.110356;0.0010765;0.0118296;0.0068873;0.00328792
653000;-6.27744e+66;0.111026;0.00110216;0.0120022;0.00717903;0.00322397
654000;-6.27744e+66;0.110585;0.00113255;0.0114755;0.00685533;0.00317423
655000;-6.27744e+66;0.111862;0.00112387;0.0103406;0.00661492;0.00321608
656000;-6.27744e+66;0.112137;0.00114361;0.0103931;0.0067669;0.00355122
657000;-6.27744e+66;0.117691;0.00112584;0.010551;0.00667137;0.00323344
658000;-6.27744e+66;0.112192;0.00109624;0.0108392;0.00651426;0.00333016
659000;-6.27744e+66;0.110969;0.00119256;0.0102143;0.00692362;0.00322279
660000;-6.27744e+66;0.111934;0.00110374;0.0104551;0.00729193;0.00319673
661000;-6.27744e+66;0.112471;0.00113295;0.0106209;0.00697376;0.00318528
662000;-6.27744e+66;0.111294;0.00118545;0.0105317;0.00667019;0.00332819
663000;-6.27744e+66;0.112309;0.00138007;0.0106284;0.00720587;0.00333332
664000;-6.27744e+66;0.112237;0.00145191;0.0109142;0.00735272;0.00322673
665000;-6.27744e+66;0.113182;0.00142546;0.0103671;0.00744904;0.00357017
666000;-6.27744e+66;0.113556;0.00141283;0.0107903;0.00674953;0.00328792
667000;-6.27744e+66;0.112526;0.00109584;0.0107468;0.00689204;0.00339411
668000;-6.27744e+66;0.113042;0.00113887;0.0109335;0.00682414;0.00326621
669000;-6.27744e+66;0.113102;0.00109545;0.010977;0.00724851;0.003222
670000;-6.27744e+66;0.113279;0.00114598;0.0108976;0.00777037;0.0032366
671000;-6.27744e+66;0.114388;0.00106821;0.0105629;0.00872213;0.00319594
672000;-6.27744e+66;0.113446;0.00115427;0.0105242;0.0068877;0.00335542
673000;-6.27744e+66;0.113302;0.00107176;0.010945;0.00711192;0.00326029
674000;-6.27744e+66;0.113277;0.001099;0.0106162;0.00703415;0.00327884
675000;-6.27744e+66;0.114733;0.00119453;0.01153;0.00668677;0.00322002
676000;-6.27744e+66;0.113789;0.00118032;0.0111065;0.00751733;0.00319673
677000;-6.27744e+66;0.115091;0.00106189;0.0108238;0.00702744;0.00328003
678000;-6.27744e+66;0.114514;0.00112624;0.0105783;0.0076026;0.00322318
679000;-6.27744e+66;0.11612;0.00105952;0.0112983;0.00704244;0.00324923
680000;-6.27744e+66;0.116679;0.00110453;0.0130269;0.00718811;0.003312
681000;-6.27744e+66;0.115342;0.00111795;0.011502;0.00683204;0.00342174
682000;-6.27744e+66;0.115103;0.0011965;0.0113338;0.00693507;0.00349911
683000;-6.27744e+66;0.1155;0.00110216;0.0109541;0.00706297;0.00329108
684000;-6.27744e+66;0.115308;0.00113413;0.0106051;0.00686164;0.00328832
685000;-6.27744e+66;0.116963;0.00114519;0.0111297;0.00735075;0.00334871
686000;-6.27744e+66;0.155547;0.00120716;0.0111969;0.00729627;0.00321647
687000;-6.27744e+66;0.155533;0.00115466;0.0110543;0.00768787;0.00322121
688000;-6.27744e+66;0.117736;0.00107847;0.0111917;0.00695639;0.00318055
689000;-6.27744e+66;0.116893;0.00114124;0.0111234;0.00713324;0.00332898
690000;-6.27744e+66;0.117981;0.001129;0.0106509;0.00705152;0.00317699
691000;-6.27744e+66;0.117462;0.00114242;0.0112924;0.00743878;0.00330963
692000;-6.27744e+66;0.117834;0.00110808;0.0110982;0.00718495;0.00331555
693000;-6.27744e+66;0.118419;0.00112466;0.0107176;0.00716916;0.00321765
694000;-6.27744e+66;0.117869;0.00106781;0.011716;0.00699073;0.00357491
695000;-6.27744e+66;0.118139;0.00107966;0.0113555;0.00736141;0.00332069
696000;-6.27744e+66;0.118517;0.00107571;0.0116275;0.00755128;0.00313791
697000;-6.27744e+66;0.118528;0.00111242;0.0114108;0.00715653;0.00322121
698000;-6.27744e+66;0.118721;0.00105676;0.0112896;0.00765273;0.0033049
699000;-6.27744e+66;0.121043;0.00120519;0.0108463;0.00730417;0.0031991
700000;-6.27744e+66;0.119788;0.00109545;0.0114041;0.00716995;0.00321963
701000;-6.27744e+66;0.121024;0.00117795;0.0109884;0.00739456;0.00327055
702000;-6.27744e+66;0.123144;0.001084;0.0130554;0.00727219;0.00322397
703000;-6.27744e+66;0.119559;0.00107887;0.0121462;0.00735746;0.00325476
704000;-6.27744e+66;0.120513;0.00116413;0.0113098;0.00929097;0.00338464
705000;-6.27744e+66;0.120905;0.00109505;0.0114736;0.00792117;0.00321923
706000;-6.27744e+66;0.119414;0.00116295;0.011395;0.00737601;0.00323265
707000;-6.27744e+66;0.120828;0.00108913;0.0110405;0.00753194;0.00328042
708000;-6.27744e+66;0.120278;0.00115545;0.0117633;0.00752483;0.00329384
709000;-6.27744e+66;0.120155;0.00110216;0.0115881;0.00696665;0.00338187
710000;-6.27744e+66;0.12168;0.00118979;0.0113105;0.00794485;0.00319831
711000;-6.27744e+66;0.120614;0.00107413;0.0115912;0.00743917;0.00330213
712000;-6.27744e+66;0.122094;0.0011144;0.0114906;0.00875134;0.00315726
713000;-6.27744e+66;0.12232;0.00108676;0.0110358;0.00827013;0.0032666
714000;-6.27744e+66;0.120978;0.00126717;0.0118577;0.00769497;0.00383782
715000;-6.27744e+66;0.121776;0.00116848;0.0112549;0.00734917;0.00321686
716000;-6.27744e+66;0.121851;0.00122493;0.0116485;0.00771629;0.00329463
717000;-6.27744e+66;0.122257;0.00114282;0.0119019;0.00727969;0.00324884
718000;-6.27744e+66;0.123425;0.00116216;0.0111092;0.00846514;0.00322515
719000;-6.27744e+66;0.121253;0.00109821;0.0116453;0.00747549;0.00329661
720000;-6.27744e+66;0.122722;0.001114;0.0121869;0.00795275;0.00328121
721000;-6.27744e+66;0.125303;0.00108795;0.0113927;0.00710205;0.00319278
722000;-6.27744e+66;0.122377;0.001129;0.0113919;0.00853896;0.00337714
723000;-6.27744e+66;0.121462;0.00108045;0.0115806;0.0083783;0.00328792
724000;-6.27744e+66;0.123806;0.00107413;0.0134142;0.00744983;0.00317107
725000;-6.27744e+66;0.122674;0.00117085;0.0119804;0.0072643;0.00325239
726000;-6.27744e+66;0.123564;0.00109032;0.011596;0.00774353;0.00324055
727000;-6.27744e+66;0.12542;0.00138125;0.0114136;0.00864318;0.00333292
728000;-6.27744e+66;0.124242;0.00114084;0.0116848;0.00814065;0.00338661
729000;-6.27744e+66;0.129268;0.00119295;0.0116907;0.007588;0.00324331
730000;-6.27744e+66;0.122855;0.00111045;0.0132966;0.00744786;0.00325792
731000;-6.27744e+66;0.123964;0.00114005;0.0136412;0.00747628;0.00325121
732000;-6.27744e+66;0.123978;0.00107097;0.0126563;0.00753115;0.00322476
733000;-6.27744e+66;0.123312;0.00114124;0.0114791;0.00730535;0.00320621
734000;-6.27744e+66;0.12348;0.0011369;0.0119954;0.00727337;0.00327331
735000;-6.27744e+66;0.126414;0.00113848;0.011971;0.00764168;0.00325437
736000;-6.27744e+66;0.127391;0.00110808;0.0119785;0.00965296;0.00326937
737000;-6.27744e+66;0.127205;0.00114519;0.0117057;0.00836882;0.00332266
738000;-6.27744e+66;0.125575;0.001069;0.0115553;0.00803723;0.00331674
739000;-6.27744e+66;0.126128;0.00109347;0.0119161;0.00758444;0.00317463
740000;-6.27744e+66;0.125598;0.00110255;0.0123239;0.008145;0.00334319
741000;-6.27744e+66;0.126867;0.001114;0.0121968;0.00769537;0.00330292
742000;-6.27744e+66;0.125793;0.00112703;0.0129508;0.007603;0.00373478
743000;-6.27744e+66;0.1274;0.00122335;0.0123653;0.00732864;0.00324252
744000;-6.27744e+66;0.12622;0.00116374;0.0137576;0.0083104;0.00330608
745000;-6.27744e+66;0.127648;0.00121585;0.0128836;0.0076101;0.00321489
746000;-6.27744e+66;0.126598;0.00114874;0.0123286;0.00750431;0.00321765
747000;-6.27744e+66;0.128568;0.00110571;0.0121233;0.00748615;0.00329068
748000;-6.27744e+66;0.129157;0.00111953;0.0122122;0.00917531;0.00331082
749000;-6.27744e+66;0.128801;0.00118269;0.0119781;0.00769418;0.00323068
750000;-6.27744e+66;0.128082;0.00109466;0.0125911;0.00799222;0.00335977
751000;-6.27744e+66;0.128155;0.00110532;0.0119702;0.00765866;0.0033199
752000;-6.27744e+66;0.128323;0.00114677;0.0118936;0.00911609;0.00318371
753000;-6.27744e+66;0.131874;0.00114163;0.0119943;0.00816908;0.00328713
754000;-6.27744e+66;0.134961;0.00115229;0.0119532;0.00797288;0.00321055
755000;-6.27744e+66;0.130065;0.0013773;0.0124838;0.00779445;0.00329187
756000;-6.27744e+66;0.133343;0.00116177;0.0124561;0.00832579;0.003327
757000;-6.27744e+66;0.131102;0.00109387;0.0119895;0.00757418;0.00347464
758000;-6.27744e+66;0.129198;0.00123835;0.0123002;0.00805854;0.00354175
759000;-6.27744e+66;0.131357;0.0011365;0.012646;0.00807789;0.00327805
760000;-6.27744e+66;0.130724;0.0011519;0.0125449;0.0080396;0.003237
761000;-6.27744e+66;0.131331;0.00111203;0.0128371;0.00795078;0.00337871
762000;-6.27744e+66;0.129241;0.00110808;0.0122623;0.00782248;0.00331674
763000;-6.27744e+66;0.13754;0.00114834;0.0122678;0.00771353;0.00331792
764000;-6.27744e+66;0.134217;0.00111124;0.0121474;0.00784695;0.00316949
765000;-6.27744e+66;0.130009;0.00111953;0.012719;0.00819829;0.00364517
766000;-6.27744e+66;0.138363;0.00108203;0.0129851;0.00790104;0.00318489
767000;-6.27744e+66;0.148256;0.00109229;0.0121605;0.00926058;0.00318568
768000;-6.27744e+66;0.141546;0.00108795;0.0134525;0.00923452;0.00327845
769000;-6.27744e+66;0.145667;0.00136743;0.0134864;0.00815486;0.00320107
770000;-6.27744e+66;0.148093;0.00121348;0.0125343;0.00811776;0.00407388
771000;-6.27744e+66;0.139926;0.00124032;0.0124147;0.00795433;0.0032295
772000;-6.27744e+66;0.159231;0.00115663;0.0125974;0.0078134;0.00323423
773000;-6.27744e+66;0.147101;0.00119729;0.0121762;0.00880937;0.00322002
774000;-6.27744e+66;0.133445;0.00110413;0.0126456;0.00839685;0.00326739
775000;-6.27744e+66;0.133541;0.00116256;0.0124798;0.00824211;0.00312844
776000;-6.27744e+66;0.135282;0.00109189;0.0125556;0.008295;0.00345372
777000;-6.27744e+66;0.133519;0.00119019;0.0133025;0.00839527;0.00328595
778000;-6.27744e+66;0.135189;0.00113887;0.0125339;0.00896767;0.00317897
779000;-6.27744e+66;0.13346;0.00115821;0.0121083;0.010405;0.00320344
780000;-6.27744e+66;0.134159;0.00111163;0.0129152;0.0104133;0.00358359
781000;-6.27744e+66;0.133914;0.00114321;0.0124348;0.0100627;0.00325673
782000;-6.27744e+66;0.13398;0.00108716;0.012618;0.00872213;0.00326345
783000;-6.27744e+66;0.133709;0.00113729;0.0122805;0.00826579;0.00330174
784000;-6.27744e+66;0.135494;0.00116611;0.0123077;0.00884292;0.00315252
785000;-6.27744e+66;0.134007;0.00112861;0.0133364;0.00916939;0.00315055
786000;-6.27744e+66;0.13566;0.00149415;0.0123689;0.00848172;0.00324371
787000;-6.27744e+66;0.135657;0.00114282;0.0132677;0.00826776;0.00326147
788000;-6.27744e+66;0.135317;0.00125611;0.0145085;0.00874542;0.00330805
789000;-6.27744e+66;0.13534;0.0011669;0.0128015;0.00886503;0.00367241
790000;-6.27744e+66;0.135748;0.00117124;0.013306;0.00798749;0.00347385
791000;-6.27744e+66;0.136369;0.00121111;0.0129993;0.00839251;0.00322002
792000;-6.27744e+66;0.136464;0.00121229;0.0127976;0.00884213;0.00323976
793000;-6.27744e+66;0.138438;0.00110255;0.0127743;0.00875489;0.00315844
794000;-6.27744e+66;0.136616;0.00114677;0.0127553;0.00859186;0.00338464
795000;-6.27744e+66;0.137709;0.00116611;0.0140517;0.00895503;0.00320897
796000;-6.27744e+66;0.138539;0.00119572;0.0127857;0.00926334;0.00325358
797000;-6.27744e+66;0.136557;0.0011144;0.0126823;0.00886464;0.00321094
798000;-6.27744e+66;0.136586;0.00118032;0.013248;0.00885279;0.0034474
799000;-6.27744e+66;0.135878;0.00122453;0.0131118;0.00903556;0.00322279
800000;-6.27744e+66;0.136495;0.00120993;0.0129192;0.00862502;0.00321647
801000;-6.27744e+66;0.13588;0.00122295;0.0132531;0.00980613;0.00327529
802000;-6.27744e+66;0.137183;0.00116137;0.0129575;0.0101571;0.00326266
803000;-6.27744e+66;0.138453;0.00124032;0.0131367;0.00943387;0.00321134
804000;-6.27744e+66;0.137289;0.00118506;0.0134106;0.00847343;0.00333253
805000;-6.27744e+66;0.136158;0.00120914;0.013124;0.00845133;0.00324687
806000;-6.27744e+66;0.135169;0.00115229;0.013914;0.00866094;0.00338424
807000;-6.27744e+66;0.138376;0.00123598;0.0140407;0.00857291;0.00334161
808000;-6.27744e+66;0.138919;0.00120282;0.0130976;0.00887135;0.00340595
809000;-6.27744e+66;0.140151;0.00119216;0.0129069;0.00822908;0.00319278
810000;-6.27744e+66;0.138497;0.00115427;0.0138528;0.00935769;0.00340872
811000;-6.27744e+66;0.139768;0.00123993;0.0148215;0.00891122;0.00324529
812000;-6.27744e+66;0.140936;0.00116966;0.0148815;0.0090028;0.00322515
813000;-6.27744e+66;0.140672;0.00119216;0.0140454;0.0090178;0.00324568
814000;-6.27744e+66;0.139918;0.00115584;0.0127636;0.00886069;0.00330963
815000;-6.27744e+66;0.141046;0.00125335;0.0134154;0.0084683;0.00324094
816000;-6.27744e+66;0.140298;0.00119966;0.0137276;0.00908096;0.003237
817000;-6.27744e+66;0.139654;0.00120243;0.0133956;0.00949624;0.00326897
818000;-6.27744e+66;0.140359;0.00114361;0.0137024;0.00968731;0.00341385
819000;-6.27744e+66;0.140107;0.00117558;0.0142282;0.00874581;0.00323897
820000;-6.27744e+66;0.141343;0.00117992;0.0137853;0.00919149;0.00339372
821000;-6.27744e+66;0.141105;0.00116769;0.0134778;0.00882398;0.00330568
822000;-6.27744e+66;0.142204;0.00118032;0.0136838;0.00887608;0.00326345
823000;-6.27744e+66;0.140211;0.0014381;0.0135389;0.00910662;0.00330371
824000;-6.27744e+66;0.142562;0.00122966;0.0132602;0.0112055;0.00322121
825000;-6.27744e+66;0.14242;0.00117558;0.0151878;0.0102743;0.00319239
826000;-6.27744e+66;0.143774;0.0012198;0.0136364;0.00889819;0.0032895
827000;-6.27744e+66;0.143211;0.0011669;0.0144007;0.00903399;0.00323858
828000;-6.27744e+66;0.144053;0.00126835;0.0139376;0.0100394;0.00325318
829000;-6.27744e+66;0.143255;0.00116019;0.0134264;0.010189;0.00334319
830000;-6.27744e+66;0.143528;0.0012569;0.0132168;0.0101539;0.00321094
831000;-6.27744e+66;0.144196;0.00116611;0.013443;0.0103233;0.00338227
832000;-6.27744e+66;0.144377;0.00119137;0.0137343;0.00927676;0.00325476
833000;-6.27744e+66;0.145426;0.00114716;0.0132839;0.00907425;0.00331871
834000;-6.27744e+66;0.144636;0.00117914;0.0145965;0.00849278;0.00351135
835000;-6.27744e+66;0.1445;0.0010915;0.0140738;0.00884884;0.00321805
836000;-6.27744e+66;0.144901;0.00120953;0.0137679;0.0093494;0.00336056
837000;-6.27744e+66;0.14603;0.00114874;0.0139009;0.00951677;0.00324805
838000;-6.27744e+66;0.144146;0.0012348;0.013807;0.010045;0.00336924
839000;-6.27744e+66;0.145614;0.00117479;0.0135476;0.0100422;0.00332661
840000;-6.27744e+66;0.146305;0.00118703;0.0134363;0.00960875;0.00324766
841000;-6.27744e+66;0.146303;0.00116413;0.01379;0.00882674;0.00349083
842000;-6.27744e+66;0.146353;0.00121545;0.0135346;0.00936953;0.00326068
843000;-6.27744e+66;0.146876;0.001174;0.0135168;0.00981165;0.00326108
844000;-6.27744e+66;0.146714;0.00113058;0.0143798;0.00903477;0.00334871
845000;-6.27744e+66;0.148382;0.00117716;0.0140087;0.00920807;0.00334911
846000;-6.27744e+66;0.147602;0.00119137;0.0143427;0.00945993;0.00328989
847000;-6.27744e+66;0.148035;0.00130585;0.0146478;0.00902609;0.00336411
848000;-6.27744e+66;0.147213;0.00113966;0.0134592;0.00914491;0.0033199
849000;-6.27744e+66;0.149701;0.00116532;0.0146683;0.00885082;0.00326147
850000;-6.27744e+66;0.148453;0.00109584;0.0135938;0.00961783;0.0033349
851000;-6.27744e+66;0.149352;0.00115545;0.0137521;0.00926492;0.00329147
852000;-6.27744e+66;0.149149;0.00110847;0.0139191;0.00914057;0.00334871
853000;-6.27744e+66;0.14825;0.00120401;0.0141149;0.0103312;0.00328753
854000;-6.27744e+66;0.148786;0.00114519;0.0142609;0.00931031;0.0032595
855000;-6.27744e+66;0.148484;0.00119414;0.0142349;0.01048;0.00346398
856000;-6.27744e+66;0.1503;0.00115427;0.0137193;0.0108732;0.00335898
857000;-6.27744e+66;0.148874;0.00120677;0.0136068;0.00976507;0.00316673
858000;-6.27744e+66;0.15103;0.00112545;0.0140809;0.00947848;0.00319831
859000;-6.27744e+66;0.150876;0.00118111;0.01388;0.0090178;0.00329582
860000;-6.27744e+66;0.152238;0.00110926;0.0141532;0.00974257;0.00324173
861000;-6.27744e+66;0.151188;0.00110768;0.0140241;0.00950098;0.00366215
862000;-6.27744e+66;0.150827;0.00120006;0.0137967;0.00975165;0.00340161
863000;-6.27744e+66;0.151853;0.00110374;0.0144496;0.0101981;0.00320818
864000;-6.27744e+66;0.151511;0.00117519;0.0155865;0.00931268;0.00325792
865000;-6.27744e+66;0.151675;0.00112782;0.0150003;0.00982547;0.00351846
866000;-6.27744e+66;0.151132;0.00116492;0.0149478;0.00990205;0.00338898
867000;-6.27744e+66;0.152681;0.00108163;0.0145712;0.00971889;0.0031991
868000;-6.27744e+66;0.153339;0.00116177;0.0142736;0.00955546;0.00322081
869000;-6.27744e+66;0.15318;0.00108795;0.0139637;0.0102084;0.003222
870000;-6.27744e+66;0.15382;0.00118308;0.0145061;0.0100829;0.00320068
871000;-6.27744e+66;0.153979;0.00120124;0.0141848;0.00941492;0.00322515
872000;-6.27744e+66;0.153544;0.00123716;0.0144378;0.00972599;0.00322436
873000;-6.27744e+66;0.153976;0.00114795;0.0144035;0.00948638;0.00318055
874000;-6.27744e+66;0.153228;0.00138993;0.0139124;0.00980573;0.00327134
875000;-6.27744e+66;0.1553;0.00138125;0.0145373;0.00980929;0.00326068
876000;-6.27744e+66;0.155156;0.00156047;0.0148752;0.00967981;0.00317226
877000;-6.27744e+66;0.15444;0.00135875;0.0147122;0.0105641;0.00322121
878000;-6.27744e+66;0.159877;0.00129204;0.014152;0.0097627;0.0032066
879000;-6.27744e+66;0.165177;0.00114992;0.0144378;0.00986416;0.0035528
880000;-6.27744e+66;0.158793;0.00117953;0.0146928;0.0108475;0.00329226
881000;-6.27744e+66;0.153608;0.00121032;0.0154693;0.0121178;0.00328239
882000;-6.27744e+66;0.154598;0.00114519;0.0152905;0.0106568;0.00327331
883000;-6.27744e+66;0.156205;0.00119572;0.0150098;0.0103067;0.00329503
884000;-6.27744e+66;0.153588;0.00114005;0.0155676;0.0105151;0.00370518
885000;-6.27744e+66;0.154278;0.00116098;0.0143624;0.0104587;0.00322594
886000;-6.27744e+66;0.15761;0.00114282;0.0144579;0.010386;0.0031916
887000;-6.27744e+66;0.17649;0.00160942;0.014437;0.0112032;0.00317344
888000;-6.27744e+66;0.166985;0.00120401;0.0149522;0.0107741;0.00318173
889000;-6.27744e+66;0.155613;0.00123361;0.0151898;0.0102881;0.00324134
890000;-6.27744e+66;0.158179;0.00113927;0.0151227;0.0105727;0.00329503
891000;-6.27744e+66;0.159453;0.00118703;0.0140616;0.0102261;0.0032745
892000;-6.27744e+66;0.155625;0.00108597;0.0145756;0.0104334;0.00329661
893000;-6.27744e+66;0.159138;0.00120164;0.0149308;0.0108309;0.00345688
894000;-6.27744e+66;0.156101;0.00111795;0.0142677;0.0106454;0.00318173
895000;-6.27744e+66;0.159528;0.00116848;0.014165;0.010448;0.00331595
896000;-6.27744e+66;0.157783;0.00115466;0.0142527;0.0113666;0.00340556
897000;-6.27744e+66;0.160135;0.00114795;0.0148882;0.0111653;0.00317778
898000;-6.27744e+66;0.158292;0.00118979;0.0156138;0.0102976;0.00324173
899000;-6.27744e+66;0.165274;0.00120085;0.0154014;0.0115612;0.00342372
900000;-6.27744e+66;0.166885;0.00112071;0.0146968;0.0106781;0.00321489
901000;-6.27744e+66;0.167248;0.0012948;0.0150568;0.0101831;0.00325713
902000;-6.27744e+66;0.166002;0.00117677;0.0155313;0.010264;0.00322121
903000;-6.27744e+66;0.168654;0.00113532;0.0156126;0.0107681;0.00317226
904000;-6.27744e+66;0.174416;0.00124545;0.0154721;0.0100967;0.00330332
905000;-6.27744e+66;0.165896;0.00115308;0.0158968;0.0107295;0.00326463
906000;-6.27744e+66;0.165638;0.00118979;0.0155178;0.0100311;0.00328832
907000;-6.27744e+66;0.164055;0.00110847;0.0144745;0.0102479;0.00322752
908000;-6.27744e+66;0.159877;0.00116098;0.0150031;0.0110705;0.00346832
909000;-6.27744e+66;0.159396;0.00108558;0.0147185;0.0118589;0.003222
910000;-6.27744e+66;0.171461;0.0011515;0.0149222;0.0104973;0.00324766
911000;-6.27744e+66;0.161491;0.00112584;0.0148065;0.0109987;0.00320344
912000;-6.27744e+66;0.159355;0.00124151;0.0157547;0.0106166;0.00323187
913000;-6.27744e+66;0.173369;0.00114755;0.0154121;0.0101788;0.00320226
914000;-6.27744e+66;0.167308;0.00124545;0.015157;0.0105518;0.00329384
915000;-6.27744e+66;0.164101;0.00113848;0.0152131;0.0102265;0.00326226
916000;-6.27744e+66;0.163692;0.00114913;0.0146814;0.0103521;0.0033799
917000;-6.27744e+66;0.165644;0.00114913;0.0152794;0.0104744;0.00336806
918000;-6.27744e+66;0.164531;0.00126243;0.0165758;0.0107389;0.00325121
919000;-6.27744e+66;0.164457;0.00113532;0.0159027;0.0103485;0.00325989
920000;-6.27744e+66;0.165627;0.00119808;0.0165411;0.0102775;0.00324726
921000;-6.27744e+66;0.165675;0.00120795;0.0164317;0.0106434;0.00324489
922000;-6.27744e+66;0.168697;0.00125848;0.0157796;0.0103821;0.00323029
923000;-6.27744e+66;0.167724;0.00117953;0.0153177;0.0105881;0.00317857
924000;-6.27744e+66;0.162518;0.00114519;0.0156307;0.0105506;0.00319436
925000;-6.27744e+66;0.164839;0.00116966;0.0154586;0.0106284;0.00332226
926000;-6.27744e+66;0.16573;0.00142862;0.0151223;0.0104444;0.00328713
927000;-6.27744e+66;0.168764;0.00120401;0.0148854;0.010236;0.00325871
928000;-6.27744e+66;0.167784;0.00122137;0.0158025;0.010478;0.00323029
929000;-6.27744e+66;0.163504;0.00120085;0.0159296;0.0118095;0.00330924
930000;-6.27744e+66;0.169218;0.00119572;0.01569;0.012102;0.00330095
931000;-6.27744e+66;0.172605;0.00123401;0.0157061;0.011453;0.00354688
932000;-6.27744e+66;0.175579;0.00111992;0.0158269;0.0117124;0.00326621
933000;-6.27744e+66;0.168317;0.00116729;0.0157164;0.0107918;0.00319397
934000;-6.27744e+66;0.16977;0.00115624;0.0160966;0.0111866;0.00316515
935000;-6.27744e+66;0.174254;0.00118821;0.0154665;0.0107674;0.00327568
936000;-6.27744e+66;0.16786;0.00109979;0.0155463;0.0119753;0.00323581
937000;-6.27744e+66;0.167791;0.00123756;0.0160038;0.0109849;0.00327016
938000;-6.27744e+66;0.169855;0.00111953;0.0163022;0.0107117;0.00331279
939000;-6.27744e+66;0.176004;0.00126006;0.0156608;0.0108128;0.00318765
940000;-6.27744e+66;0.192047;0.00128098;0.015294;0.0114744;0.00320739
941000;-6.27744e+66;0.187993;0.00121466;0.0160389;0.0104251;0.00326818
942000;-6.27744e+66;0.182046;0.00119848;0.0160168;0.0117602;0.00328437
943000;-6.27744e+66;0.194024;0.00114953;0.0155711;0.0113295;0.0032745
944000;-6.27744e+66;0.175198;0.00118308;0.015866;0.0109134;0.00323463
945000;-6.27744e+66;0.167656;0.00117914;0.0168423;0.0114159;0.00330213
946000;-6.27744e+66;0.170748;0.00121032;0.0166484;0.0115328;0.00321608
947000;-6.27744e+66;0.16471;0.00116335;0.0157448;0.0110583;0.00339608
948000;-6.27744e+66;0.17156;0.00117519;0.0157133;0.0110812;0.00317699
949000;-6.27744e+66;0.166136;0.00114479;0.0171123;0.0112079;0.00328239
950000;-6.27744e+66;0.168655;0.00116492;0.016185;0.0112648;0.00329147
951000;-6.27744e+66;0.170967;0.00109821;0.0156627;0.0114724;0.00324766
952000;-6.27744e+66;0.17218;0.00115348;0.0150327;0.0107654;0.00318055
953000;-6.27744e+66;0.176682;0.00109426;0.0161084;0.0107002;0.00321371
954000;-6.27744e+66;0.173008;0.00146296;0.0167404;0.0126985;0.00327134
955000;-6.27744e+66;0.174888;0.00119295;0.0159706;0.0120961;0.00352359
956000;-6.27744e+66;0.177402;0.00127901;0.0154717;0.011757;0.0031995
957000;-6.27744e+66;0.175004;0.00119572;0.0161956;0.011234;0.00330687
958000;-6.27744e+66;0.174342;0.00123401;0.0158143;0.0112138;0.00317028
959000;-6.27744e+66;0.17684;0.00111479;0.0155644;0.0110713;0.00327766
960000;-6.27744e+66;0.176029;0.00117835;0.0154452;0.0110662;0.00373399
961000;-6.27744e+66;0.175867;0.00114045;0.0160835;0.0112845;0.00330726
962000;-6.27744e+66;0.177184;0.00111518;0.0158076;0.0118348;0.00329266
963000;-6.27744e+66;0.175433;0.00119729;0.0159675;0.0116619;0.0031995
964000;-6.27744e+66;0.175739;0.00135441;0.0156007;0.0111696;0.00318331
965000;-6.27744e+66;0.176021;0.00125888;0.0171932;0.0109411;0.00356228
966000;-6.27744e+66;0.1777;0.00118979;0.0161495;0.0115403;0.00323542
967000;-6.27744e+66;0.178045;0.00125059;0.0174656;0.0119915;0.00321884
968000;-6.27744e+66;0.177086;0.00124032;0.0166307;0.0119252;0.00332069
969000;-6.27744e+66;0.171575;0.00124388;0.0167992;0.0112517;0.0033945
970000;-6.27744e+66;0.174075;0.001174;0.0162592;0.0111001;0.00323937
971000;-6.27744e+66;0.176871;0.00120282;0.0161214;0.0113962;0.00321765
972000;-6.27744e+66;0.179612;0.00120006;0.0160902;0.0116291;0.00330095
973000;-6.27744e+66;0.178353;0.00117716;0.01683;0.0115592;0.00329818
974000;-6.27744e+66;0.179721;0.00115624;0.016406;0.0114183;0.00318884
975000;-6.27744e+66;0.184109;0.0011819;0.0159766;0.0123037;0.00326108
976000;-6.27744e+66;0.177826;0.00114598;0.0163101;0.0129808;0.00331634
977000;-6.27744e+66;0.188947;0.00116453;0.0162943;0.0119023;0.00320857
978000;-6.27744e+66;0.176308;0.00136546;0.016277;0.0118257;0.00319042
979000;-6.27744e+66;0.187895;0.00116098;0.0161641;0.0113386;0.00365899
980000;-6.27744e+66;0.196561;0.00120322;0.016695;0.0113899;0.00328003
981000;-6.27744e+66;0.186004;0.00119414;0.0163042;0.0111953;0.00333095
982000;-6.27744e+66;0.192782;0.00127861;0.0164684;0.0110543;0.00322634
983000;-6.27744e+66;0.189552;0.00116887;0.0174352;0.012273;0.00332345
984000;-6.27744e+66;0.185088;0.00117558;0.0169761;0.0120385;0.00324923
985000;-6.27744e+66;0.181309;0.00115624;0.0168952;0.0113646;0.00366136
986000;-6.27744e+66;0.18057;0.00119295;0.0168521;0.0119623;0.00324884
987000;-6.27744e+66;0.176691;0.00116492;0.0166168;0.0120085;0.00323897
988000;-6.27744e+66;0.209893;0.00123006;0.0162624;0.0114803;0.00327766
989000;-6.27744e+66;0.222025;0.00119098;0.0161684;0.0129393;0.00333766
990000;-6.27744e+66;0.230933;0.00120993;0.0162189;0.0129034;0.00373715
991000;-6.27744e+66;0.179589;0.00113413;0.0168798;0.0121135;0.00355557
992000;-6.27744e+66;0.181011;0.00116058;0.0166243;0.0116485;0.00330687
993000;-6.27744e+66;0.179245;0.0010836;0.0162754;0.0117246;0.00321726
994000;-6.27744e+66;0.184705;0.00123519;0.0161214;0.0121533;0.00321213
995000;-6.27744e+66;0.179594;0.00118821;0.0165513;0.0119797;0.00320305
996000;-6.27744e+66;0.17915;0.00128888;0.0168766;0.0115983;0.00323187
997000;-6.27744e+66;0.186143;0.001174;0.0166836;0.0119354;0.00336056
998000;-6.27744e+66;0.189274;0.00123164;0.0175224;0.0118423;0.00323384
999000;-6.27744e+66;0.185116;0.00121822;0.0170712;0.0122031;0.00326502
