size;array;vector;bst;deque;bittrick deque;tiered vector (k=2);bittrick tiered vector (k=2);deque tiered vector (k=2)
500000;0.170276;0.0264424;0.00187312;0.46027;0.0893398;0.00248341;0.00154429;0.00251342
499500;0.169904;0.0277103;0.00166193;0.440806;0.0880896;0.00260618;0.00156205;0.00224774
499000;0.169787;0.025384;0.00162561;0.411193;0.0807033;0.00251263;0.00148271;0.00214708
498500;0.172278;0.0259217;0.00162837;0.423346;0.0856658;0.00249881;0.00144244;0.0021609
498000;0.167658;0.0259213;0.0016789;0.426309;0.0868544;0.00247473;0.00141915;0.00218656
497500;0.177764;0.0267006;0.0018897;0.403239;0.0830158;0.00250828;0.00146652;0.00210405
497000;0.169729;0.0247718;0.00162679;0.418092;0.0874343;0.00242736;0.00142705;0.00219801
496500;0.163378;0.0264732;0.00162403;0.41215;0.0846741;0.00253868;0.00167693;0.00207287
496000;0.169697;0.0260378;0.00160311;0.419664;0.0907202;0.00251421;0.00145547;0.00231801
495500;0.167772;0.0246119;0.00160113;0.39747;0.0795928;0.00243604;0.00137217;0.00204326
495000;0.170081;0.0250643;0.00171956;0.431387;0.0860577;0.00246368;0.00134415;0.00216721
494500;0.164767;0.0249056;0.00189681;0.392791;0.079335;0.00248618;0.00130546;0.00205273
494000;0.164374;0.0259331;0.00254144;0.416676;0.0827813;0.00245933;0.0012802;0.00211945
493500;0.16689;0.025853;0.00251736;0.404009;0.0836288;0.00239262;0.00122296;0.00210997
493000;0.173541;0.027177;0.00172627;0.42417;0.0851344;0.00245736;0.0012873;0.00221774
492500;0.187939;0.0252881;0.00168877;0.430969;0.0860866;0.00244473;0.00123243;0.00219248
492000;0.170524;0.0269129;0.00166074;0.399828;0.0820016;0.00254263;0.00130546;0.00208234
491500;0.160778;0.0260291;0.00161613;0.416353;0.0821872;0.0025067;0.00126204;0.00213208
491000;0.173816;0.0265087;0.00161613;0.395963;0.0796268;0.00253394;0.00127427;0.00211826
490500;0.162857;0.0266259;0.00158929;0.406979;0.0820079;0.00254539;0.0012798;0.00216248
490000;0.176046;0.0274269;0.00165758;0.4146;0.0854005;0.00258724;0.00127704;0.00221103
489500;0.16768;0.0268462;0.00165364;0.399505;0.0827623;0.00250749;0.00126835;0.00214353
489000;0.173703;0.0261455;0.00206734;0.406895;0.0842419;0.00253315;0.00126559;0.00213011
488500;0.16689;0.0239925;0.00239973;0.404453;0.0824647;0.00238473;0.00118348;0.00212379
488000;0.159204;0.0252222;0.00214511;0.394993;0.0790548;0.00248697;0.00124112;0.00211432
487500;0.155859;0.026076;0.00176693;0.387081;0.0779822;0.0025375;0.00126756;0.00207366
487000;0.162348;0.0261641;0.00238236;0.41202;0.0838767;0.00253868;0.0012723;0.00210958
486500;0.161006;0.0244698;0.00237288;0.413265;0.0822381;0.0024167;0.00119493;0.00209182
486000;0.157588;0.0248239;0.00202392;0.404844;0.0823451;0.00239065;0.00118782;0.00206576
485500;0.158348;0.0255767;0.00252605;0.40492;0.0821347;0.00240604;0.00120361;0.00204602
485000;0.152759;0.0259241;0.00225169;0.41244;0.0818228;0.00245144;0.0012269;0.00207089
484500;0.161034;0.0260682;0.0020405;0.399392;0.0819286;0.00245302;0.00123717;0.00208905
484000;0.158337;0.0268391;0.00162284;0.392494;0.0775271;0.00249013;0.00124704;0.002048
483500;0.156576;0.02641;0.00163271;0.392587;0.0782139;0.00247789;0.00129362;0.00205037
483000;0.15844;0.0262268;0.00157982;0.393516;0.0858651;0.00266856;0.00124664;0.00199076
482500;0.157192;0.026393;0.00157074;0.413591;0.0833837;0.00285212;0.00126441;0.00206616
482000;0.153821;0.024803;0.00158969;0.406135;0.085524;0.00263658;0.00119138;0.00208274
481500;0.149358;0.0249897;0.00157784;0.400224;0.0805205;0.00255684;0.00119611;0.00209379
481000;0.154934;0.0246881;0.00157468;0.400935;0.0818102;0.00247947;0.00119611;0.00205945
480500;0.172185;0.0246786;0.00156718;0.398711;0.0958576;0.00239341;0.00118545;0.00209497
480000;0.154654;0.024017;0.00157232;0.394552;0.085031;0.00236064;0.00116216;0.0020255
479500;0.14555;0.0241702;0.00155139;0.400517;0.0876143;0.0023642;0.00116769;0.00202708
479000;0.150346;0.0235733;0.00152573;0.39491;0.0793749;0.00268948;0.00114914;0.002048
478500;0.151776;0.0246897;0.00153323;0.414722;0.084213;0.00292673;0.00119414;0.00211076
478000;0.145514;0.0239759;0.00153087;0.403869;0.0871986;0.00258842;0.00116651;0.00207484
477500;0.149893;0.0247248;0.00158613;0.387329;0.0764233;0.00268277;0.00120243;0.00205037
477000;0.152215;0.0262711;0.00154429;0.407387;0.0830059;0.00266619;0.00123717;0.00204642
476500;0.149721;0.0254275;0.00157705;0.412408;0.0842359;0.00248223;0.00133704;0.00214787
476000;0.145952;0.023698;0.00159758;0.401711;0.082019;0.00240565;0.00118624;0.00206537
475500;0.157672;0.0257662;0.00164337;0.396267;0.085346;0.00252723;0.00125691;0.00202747
475000;0.14966;0.0231331;0.00159482;0.400204;0.0794566;0.00235828;0.00113769;0.00206024
474500;0.147771;0.0248085;0.00155416;0.397027;0.0841005;0.0024696;0.0012048;0.0020176
474000;0.14594;0.0251373;0.00155139;0.390835;0.0791286;0.00247552;0.00122177;0.00203379
473500;0.14765;0.0249052;0.0016639;0.416084;0.0843824;0.00241038;0.00120085;0.00206655
473000;0.147161;0.0260997;0.00162521;0.389973;0.0817292;0.00248302;0.00124269;0.0019797
472500;0.143643;0.0259888;0.00162363;0.394609;0.0790461;0.00246604;0.00121388;0.00206024
472000;0.147968;0.0236826;0.00172469;0.390583;0.0828843;0.00234446;0.00114953;0.00201444
471500;0.144685;0.0244544;0.00160153;0.391956;0.080787;0.00245618;0.0011973;0.00205352
471000;0.142695;0.0248128;0.00157232;0.386774;0.0775038;0.00242223;0.00119848;0.00204839
470500;0.147817;0.0249534;0.00157192;0.40032;0.0803965;0.00249052;0.00122138;0.00204563
470000;0.142034;0.0240758;0.00155574;0.391661;0.0786774;0.00241433;0.00121625;0.00205589
469500;0.142852;0.0237008;0.00161219;0.397482;0.0792154;0.00235591;0.00115664;0.00200773
469000;0.15248;0.0244346;0.00158376;0.380283;0.0774406;0.00251776;0.00119414;0.0019876
468500;0.142994;0.0266871;0.00162008;0.375788;0.0764059;0.00269461;0.00124704;0.00198523
468000;0.139763;0.0253205;0.00166469;0.376207;0.0746536;0.00249526;0.00115901;0.00201207
467500;0.142757;0.0240036;0.00166666;0.397261;0.0810522;0.00247947;0.00116809;0.0020551
467000;0.152508;0.0229172;0.00162758;0.368769;0.0744811;0.00236775;0.00113137;0.00202747
466500;0.141917;0.0242878;0.00159245;0.401842;0.0846011;0.00239499;0.00118466;0.00209182
466000;0.141343;0.0247939;0.00155771;0.377221;0.0775373;0.00241157;0.0011973;0.00203181
465500;0.144774;0.023745;0.00159008;0.408033;0.0824145;0.00238078;0.00116137;0.00212892
465000;0.139005;0.0240146;0.00158337;0.392536;0.0784808;0.00233656;0.00116335;0.00204721
464500;0.136628;0.0256742;0.00155297;0.388513;0.0774244;0.00245104;0.00121467;0.00203181
464000;0.139136;0.0259035;0.00156284;0.378918;0.0753156;0.00237841;0.00118269;0.00203931
463500;0.138685;0.0247662;0.00157745;0.376224;0.0762074;0.00239341;0.00118782;0.00199668
463000;0.137061;0.0248622;0.00153679;0.39094;0.078722;0.00233972;0.00116809;0.00204484
462500;0.139621;0.0244678;0.00153402;0.391661;0.0783659;0.00235314;0.00115545;0.00201721
462000;0.137722;0.0241386;0.00151823;0.370322;0.0747945;0.00240446;0.00118269;0.0020551
461500;0.142954;0.0234616;0.00156126;0.385147;0.0772334;0.00232985;0.00114716;0.00248381
461000;0.145897;0.025671;0.00155179;0.369762;0.0760037;0.00246091;0.0012348;0.00214077
460500;0.14172;0.025343;0.00154903;0.385292;0.0783004;0.00242736;0.00121901;0.00211471
460000;0.14129;0.0258522;0.00154942;0.360337;0.0726447;0.00239736;0.00123559;0.00203181
459500;0.142849;0.0228801;0.00156639;0.374519;0.0773431;0.00232314;0.00126006;0.0020705
459000;0.134018;0.0237837;0.00155653;0.37598;0.0780742;0.00237328;0.00124467;0.00206024
458500;0.138271;0.0232591;0.00154034;0.372199;0.0772322;0.00233775;0.00120282;0.00197181
458000;0.137153;0.0233767;0.00152337;0.369614;0.0747618;0.00233104;0.00119493;0.00197931
457500;0.133209;0.0238117;0.00151231;0.388325;0.0771647;0.00232275;0.00116453;0.00199786
457000;0.137213;0.0236483;0.00156482;0.374081;0.0749805;0.00229512;0.0011519;0.00194023
456500;0.137188;0.0239617;0.00178667;0.390292;0.0783868;0.0023938;0.00117401;0.00204247
456000;0.133938;0.0235508;0.00188812;0.358747;0.0714616;0.00232985;0.00113887;0.00193944
455500;0.13435;0.0245633;0.00180127;0.38147;0.0781291;0.00236025;0.00118388;0.00216287
455000;0.133975;0.0231379;0.00162442;0.385549;0.0785708;0.00233656;0.00113966;0.00216011
454500;0.135741;0.0242444;0.00153639;0.386822;0.0776664;0.0023942;0.00118388;0.0021234
454000;0.137157;0.0231754;0.00153126;0.384442;0.0785736;0.00230459;0.00113611;0.00211155
453500;0.128864;0.0247635;0.00156087;0.382411;0.0764186;0.00240841;0.00117953;0.00212024
453000;0.136094;0.0256402;0.00199944;0.380127;0.0799145;0.00235551;0.00116414;0.00210761
452500;0.146547;0.0251898;0.00187786;0.398123;0.0879826;0.00244315;0.00120243;0.00209182
452000;0.129512;0.023852;0.00226393;0.363225;0.0736837;0.00237644;0.00115466;0.00200615
451500;0.136791;0.0249411;0.00169666;0.379981;0.0790599;0.00236262;0.00117243;0.00208589
451000;0.135198;0.0236392;0.00163153;0.381153;0.0759725;0.00230419;0.00113887;0.00205234
450500;0.127515;0.0237118;0.00161692;0.382408;0.0766503;0.00236143;0.00114874;0.00204366
450000;0.1361;0.0247078;0.00161377;0.371667;0.075517;0.00239815;0.00118545;0.00201997
449500;0.132039;0.0224253;0.00158732;0.372048;0.0749015;0.00227893;0.00110848;0.00201563
449000;0.131828;0.0229583;0.00224538;0.386512;0.0775531;0.00233222;0.00113019;0.00202352
448500;0.129372;0.0235172;0.00264448;0.369592;0.0824651;0.00238512;0.00114953;0.00192641
448000;0.125964;0.0228059;0.00254342;0.378754;0.0756567;0.0023413;0.00112348;0.00199076
447500;0.129451;0.0222832;0.00161574;0.392858;0.082141;0.00225682;0.00109861;0.00211116
447000;0.126231;0.0234316;0.00158692;0.3778;0.0755714;0.0023263;0.00112545;0.00203576
446500;0.125865;0.0228454;0.0015581;0.36487;0.0845285;0.0023188;0.00112032;0.00197892
446000;0.128407;0.0240284;0.0015506;0.3683;0.0896646;0.00332109;0.00120993;0.00202431
445500;0.125059;0.0233562;0.00157942;0.368437;0.0746907;0.00233183;0.00120914;0.00197141
445000;0.144621;0.0231383;0.0016264;0.369747;0.0748755;0.00232512;0.00123283;0.0019651
444500;0.129723;0.0240182;0.00166469;0.365226;0.0744302;0.00236222;0.0012344;0.00197102
444000;0.127696;0.0233949;0.00169469;0.380783;0.0757384;0.00233183;0.00122256;0.00213327
443500;0.125212;0.0227036;0.00159995;0.362414;0.0789841;0.00229235;0.00120953;0.00217195
443000;0.122049;0.022721;0.0015814;0.363625;0.0735838;0.0023117;0.00127625;0.00204602
442500;0.127141;0.0258491;0.00156403;0.373073;0.0745198;0.00239973;0.00128493;0.00207405
442000;0.126456;0.0238524;0.00164969;0.376543;0.0756441;0.00231801;0.00125138;0.00205392
441500;0.126129;0.0229977;0.00157745;0.383614;0.0761754;0.00227143;0.00126756;0.00202273
441000;0.122486;0.0230491;0.00160863;0.366789;0.0737042;0.0023192;0.00128414;0.00198247
440500;0.126848;0.0245866;0.00160784;0.365708;0.0742735;0.00271119;0.00133191;0.00196628
440000;0.124843;0.0215506;0.00161298;0.363819;0.0718753;0.00252526;0.00121703;0.00195997
439500;0.121261;0.0230712;0.00177641;0.369224;0.0734532;0.00252092;0.00154389;0.00195957
439000;0.127735;0.0231264;0.00182101;0.363313;0.0739758;0.0024617;0.00155732;0.00196707
438500;0.124093;0.0228209;0.00153876;0.356513;0.0716093;0.00241038;0.00151547;0.00196628
438000;0.12067;0.0247706;0.00152416;0.376018;0.0758845;0.00315845;0.00137099;0.00199707
437500;0.126814;0.0222347;0.00151034;0.379079;0.0787559;0.00353307;0.00121269;0.00196431
437000;0.133984;0.0242712;0.00148744;0.367374;0.0744302;0.00321135;0.00124467;0.00194931
436500;0.124452;0.0234253;0.00154231;0.357598;0.0720352;0.00273448;0.00117203;0.00192523
436000;0.119372;0.0218399;0.00151271;0.354852;0.0710708;0.00247868;0.00109071;0.00191457
435500;0.118326;0.0232764;0.00153639;0.357352;0.0717036;0.0024996;0.00115466;0.00189286
435000;0.124526;0.0228469;0.0015585;0.375542;0.0754498;0.0024017;0.00120322;0.00200931
434500;0.117292;0.0237813;0.00153205;0.356049;0.0732929;0.00254065;0.00125098;0.00193747
434000;0.130744;0.0224273;0.00157587;0.362445;0.0726297;0.00238473;0.0011598;0.00196352
433500;0.118893;0.023462;0.00149771;0.378164;0.0762587;0.00241828;0.00117282;0.00202668
433000;0.120709;0.0238267;0.00148902;0.348708;0.0714853;0.00227498;0.00115269;0.0019801
432500;0.118783;0.0230534;0.00155732;0.346455;0.0714671;0.00232156;0.00146494;0.0019351
432000;0.115293;0.0229598;0.0015581;0.37137;0.076284;0.00231012;0.00145231;0.00201365
431500;0.116999;0.0224348;0.0015431;0.346412;0.0699817;0.00231722;0.00135796;0.00191418
431000;0.112249;0.0220697;0.00154389;0.360881;0.0723534;0.00233814;0.00131257;0.00199076
430500;0.115312;0.0225552;0.00153876;0.348573;0.0711087;0.00230538;0.00125612;0.00190589
430000;0.108324;0.0224253;0.00151429;0.354299;0.0710305;0.00225603;0.0012198;0.0019422
429500;0.0973071;0.022659;0.00153797;0.339881;0.0687015;0.00229709;0.00119059;0.00191575
429000;0.0607732;0.0217116;0.00151823;0.344216;0.0694855;0.00224538;0.00109545;0.00191733
428500;0.0575235;0.0225631;0.00154152;0.382072;0.0753365;0.00226038;0.00118111;0.0019876
428000;0.0631745;0.0221534;0.00152179;0.3514;0.0701806;0.00223709;0.00116295;0.00194181
427500;0.0501392;0.0232417;0.00155218;0.354657;0.0721217;0.00236933;0.00121269;0.00193431
427000;0.0505995;0.0237541;0.0015431;0.355723;0.0717182;0.00238986;0.00120638;0.00189681
426500;0.0529467;0.0223839;0.00156205;0.350345;0.0683782;0.00227261;0.00110887;0.00186838
426000;0.0504381;0.0221664;0.00152337;0.345477;0.0740137;0.00221182;0.00106782;0.0019201
425500;0.0497847;0.0231541;0.00150718;0.361538;0.0724706;0.00223511;0.00110019;0.00195799
425000;0.0443099;0.0214633;0.00151626;0.357502;0.0706247;0.00217116;0.00105321;0.00189049
424500;0.0445361;0.0220531;0.00157942;0.345554;0.0705691;0.00221143;0.00107295;0.00189681
424000;0.0427044;0.0216232;0.00157389;0.351173;0.0705209;0.00219327;0.00106071;0.00194339
423500;0.0413851;0.0221593;0.00166666;0.360844;0.0721007;0.0022359;0.0010844;0.00194418
423000;0.0427699;0.0226239;0.00166627;0.345867;0.0697038;0.00226472;0.00109584;0.00190865
422500;0.0379989;0.0208933;0.00155929;0.352414;0.070076;0.00217866;0.00103347;0.00189444
422000;0.0380103;0.0226038;0.00151626;0.352799;0.071074;0.00228011;0.00110611;0.00191615
421500;0.0363338;0.0226361;0.00149929;0.364912;0.0739829;0.00226038;0.00109821;0.00195997
421000;0.0372662;0.0216694;0.0014831;0.351675;0.0705387;0.00221064;0.00111874;0.00192641
420500;0.0353426;0.0222252;0.00150442;0.367168;0.0722855;0.00222327;0.00113216;0.00195405
420000;0.0361881;0.0222366;0.00149889;0.347335;0.0699027;0.00225169;0.00114006;0.00193036
419500;0.0346423;0.0234849;0.00152692;0.35699;0.0709974;0.00219564;0.00109111;0.00195484
419000;0.0344702;0.0231351;0.00156087;0.355939;0.0833596;0.00219722;0.00107374;0.00192247
418500;0.0335926;0.0217471;0.00153363;0.361545;0.0738096;0.00223274;0.00108242;0.00193273
418000;0.0347469;0.0211207;0.00156245;0.355259;0.073555;0.00220945;0.00106111;0.0018976
417500;0.0352048;0.0226251;0.00152218;0.343143;0.0708115;0.00231604;0.0011215;0.00189207
417000;0.0334154;0.0219426;0.00150481;0.341041;0.0695964;0.00223511;0.00108874;0.0018672
416500;0.0323018;0.0207145;0.00155771;0.355686;0.0703172;0.00215458;0.00103426;0.00190628
416000;0.0326409;0.0216702;0.00152652;0.351972;0.0749702;0.00220353;0.00107097;0.0019422
415500;0.0321577;0.0212032;0.00152179;0.35564;0.0714328;0.00251657;0.00105597;0.0019197
415000;0.032406;0.0200825;0.00151547;0.356236;0.0698021;0.00240328;0.00100426;0.00193273
414500;0.0342274;0.0217156;0.0015435;0.346309;0.0772594;0.00251342;0.00107255;0.00191181
414000;0.0322615;0.0215735;0.00150955;0.316681;0.0638949;0.00237446;0.00106703;0.00182299
413500;0.0353165;0.0217918;0.00149573;0.351016;0.0698577;0.00237012;0.0010919;0.00187746
413000;0.0338208;0.0213465;0.00149692;0.349659;0.0718197;0.00223827;0.00112703;0.00193273
412500;0.0314368;0.0212936;0.00149336;0.335601;0.068;0.00225761;0.00110611;0.00189246
412000;0.0339961;0.0212501;0.00153323;0.337962;0.0667265;0.00222959;0.001084;0.00187786
411500;0.0353209;0.0212584;0.00151981;0.342455;0.0675705;0.00220787;0.00106861;0.00186088
411000;0.03213;0.0204756;0.00152139;0.328165;0.0649371;0.00212221;0.00102321;0.00184865
410500;0.0312249;0.0217906;0.00153442;0.330369;0.0658237;0.0022434;0.00108558;0.00185812
410000;0.0332081;0.0210157;0.00157153;0.338264;0.0673238;0.0021455;0.00103742;0.00185575
409500;0.0307709;0.0210425;0.00152376;0.336108;0.068448;0.0021834;0.00103545;0.00186207
409000;0.0306173;0.0211416;0.00149692;0.332986;0.0670435;0.00220314;0.00105597;0.00186207
408500;0.030373;0.0208641;0.00148547;0.346498;0.0688602;0.00215024;0.00103466;0.00189167
408000;0.035896;0.0213394;0.00154863;0.346209;0.0697428;0.00220866;0.00106584;0.00190075
407500;0.0305305;0.0205834;0.00153876;0.331656;0.0660266;0.00219801;0.00103821;0.00190904
407000;0.0301199;0.0208246;0.00154271;0.348447;0.0707992;0.00216011;0.001039;0.00209379
406500;0.0368853;0.0216512;0.00161416;0.340876;0.0681993;0.00224617;0.00107848;0.00221814
406000;0.0295736;0.0210709;0.00152968;0.322337;0.0654511;0.00220077;0.00107216;0.00197892
405500;0.0315336;0.0205577;0.00150442;0.34166;0.0676167;0.00218024;0.00104334;0.0019351
405000;0.0304018;0.0208949;0.00148389;0.320589;0.070663;0.00219287;0.00104216;0.00196312
404500;0.0305842;0.0223756;0.00147955;0.328094;0.0655296;0.00234643;0.00106861;0.00228722
404000;0.029705;0.0212691;0.0014981;0.335382;0.0673625;0.00235275;0.00106782;0.002108
403500;0.0294682;0.0207362;0.00150323;0.334248;0.0683517;0.00229906;0.00103742;0.00207287
403000;0.0286574;0.0211084;0.00154547;0.345645;0.0673739;0.00228209;0.00105045;0.00204681
402500;0.029332;0.0203813;0.00157232;0.348034;0.0701941;0.00222643;0.00102597;0.00196668
402000;0.0291315;0.0207429;0.00153087;0.329512;0.0648072;0.00223945;0.00103466;0.00189957
401500;0.0305494;0.0206304;0.0015135;0.351096;0.0695913;0.00223077;0.0011819;0.00194339
401000;0.0282156;0.0219141;0.00154034;0.343314;0.0678614;0.00221024;0.00109861;0.00203655
400500;0.0288251;0.019452;0.00148271;0.334185;0.0675362;0.00210011;0.000988076;0.00192681
400000;0.0286751;0.0218087;0.00155179;0.303692;0.0612299;0.00221893;0.00106703;0.00182062
399500;0.034403;0.0207595;0.00153955;0.354989;0.0712658;0.00208945;0.00100505;0.00201879
399000;0.0291232;0.0214037;0.00154508;0.327542;0.0654558;0.00223314;0.00107887;0.00184272
398500;0.0285133;0.0200864;0.00156205;0.339049;0.067098;0.00208629;0.000996761;0.00184036
398000;0.0349439;0.020851;0.00154587;0.343282;0.0679218;0.00217116;0.00102834;0.00188773
397500;0.0318809;0.0217073;0.00153442;0.332568;0.0672038;0.00212537;0.00102795;0.00188457
397000;0.0271206;0.0228998;0.00149139;0.320366;0.0646683;0.00222801;0.00109269;0.00182693
396500;0.0278757;0.0203647;0.00148547;0.323491;0.0646896;0.00219603;0.00110532;0.00201879
396000;0.0269086;0.0232524;0.00154666;0.322892;0.0622902;0.00245104;0.00127033;0.00184075
395500;0.0274818;0.0204251;0.00151942;0.324062;0.067263;0.00244157;0.0011594;0.00181114
395000;0.0270128;0.0192657;0.00151626;0.324919;0.0646071;0.00238828;0.00104492;0.00181864
394500;0.0325607;0.0204279;0.00153047;0.33012;0.0647259;0.00230183;0.00102084;0.00183562
394000;0.0275291;0.0200043;0.00151152;0.327727;0.0661924;0.00357294;0.00100347;0.00180325
393500;0.0281209;0.0204962;0.00150994;0.312845;0.06902;0.00398981;0.00102124;0.00183996
393000;0.0262643;0.020776;0.00148231;0.333837;0.0666495;0.00458115;0.00103703;0.00189799
392500;0.0264945;0.0206256;0.00149179;0.324849;0.0647681;0.00300686;0.00103031;0.00182733
392000;0.0257977;0.0201784;0.00146257;0.325788;0.0641045;0.00307989;0.00103466;0.00200694
391500;0.0263583;0.0205862;0.00153166;0.314213;0.0628583;0.00286396;0.00103268;0.00181312
391000;0.0255842;0.0191189;0.00150442;0.314702;0.0660475;0.00421205;0.00097347;0.00182693
390500;0.0289996;0.0205198;0.00151942;0.319156;0.0661589;0.00395823;0.00102795;0.00181391
390000;0.0267831;0.0199313;0.0015135;0.335891;0.0669717;0.00308384;0.00100426;0.00185496
389500;0.0263157;0.0199273;0.00153679;0.312193;0.0689178;0.00382124;0.00099834;0.00180206
389000;0.0258451;0.0195709;0.00165285;0.320972;0.0655146;0.00355478;0.000999524;0.00182496
388500;0.0259856;0.0189704;0.00169232;0.327764;0.0659757;0.00229512;0.000987681;0.00186088
388000;0.0262659;0.0195168;0.00172746;0.327573;0.0648337;0.00235275;0.00100979;0.00186957
387500;0.0263701;0.019362;0.00175075;0.331048;0.0676431;0.00227064;0.000982549;0.00184549
387000;0.0253307;0.0203019;0.00159482;0.313182;0.0625855;0.00239302;0.00101058;0.00183167
386500;0.0263638;0.0205787;0.00156047;0.320083;0.0646718;0.00374664;0.00103387;0.00183996
386000;0.0253596;0.0202893;0.00155218;0.31901;0.0641705;0.00354492;0.00101729;0.00183207
385500;0.025855;0.0202715;0.00155139;0.322266;0.0645431;0.00227577;0.001009;0.00186325
385000;0.0246624;0.0192219;0.00157863;0.328667;0.0630458;0.00214984;0.000973865;0.00181312
384500;0.0241946;0.0186084;0.00153087;0.321374;0.0665141;0.00205392;0.000954522;0.00183838
384000;0.0249265;0.0194051;0.00151981;0.303281;0.0619203;0.00208629;0.00097347;0.00174088
383500;0.0247915;0.0204559;0.001581;0.31014;0.0624473;0.0022584;0.00101808;0.00179891
383000;0.0246656;0.0204851;0.00160429;0.311034;0.0632266;0.00296936;0.001024;0.00180088
382500;0.0240008;0.0201105;0.00180127;0.327622;0.0664956;0.00268435;0.00101413;0.00186207
382000;0.0269496;0.0193968;0.00159284;0.311575;0.0629368;0.00229551;0.000979391;0.00180167
381500;0.0236218;0.0196853;0.00160034;0.316731;0.0642956;0.00226117;0.000997945;0.00182693
381000;0.0239179;0.0200856;0.00185022;0.308515;0.0629716;0.00216169;0.00100387;0.00185062
380500;0.0243107;0.0193897;0.00191773;0.318124;0.0638472;0.0021305;0.000988076;0.00186483
380000;0.0233941;0.0192985;0.0017093;0.3304;0.0665414;0.0021909;0.000973865;0.00190628
379500;0.0228927;0.0191366;0.00166943;0.321376;0.0650863;0.00219366;0.000968733;0.00186286
379000;0.0231623;0.0203777;0.00175193;0.318476;0.0635937;0.00225446;0.00102281;0.00181114
378500;0.0226314;0.0193822;0.0016789;0.33068;0.0654309;0.00221064;0.000982944;0.00184115
378000;0.0234474;0.0192649;0.00156679;0.306074;0.0634038;0.00211076;0.000965575;0.00180049
377500;0.0222651;0.0189515;0.00153639;0.306504;0.0638547;0.002123;0.000967549;0.00182141
377000;0.0228047;0.020133;0.00151468;0.307251;0.0617557;0.00220195;0.00103031;0.0017693
376500;0.0220945;0.0199601;0.00149139;0.321866;0.0683446;0.00211866;0.000999919;0.00185299
376000;0.0224628;0.0200529;0.00147836;0.31914;0.064069;0.00218735;0.00101295;0.00186365
375500;0.0217985;0.0202652;0.00149494;0.310422;0.0624849;0.00213879;0.00101571;0.00180404
375000;0.022271;0.019651;0.00166903;0.320644;0.0648609;0.00215813;0.000992813;0.00181667
374500;0.0213883;0.0206505;0.00179496;0.320163;0.0650843;0.00219524;0.00103545;0.00181272
374000;0.0217539;0.019334;0.00159008;0.32071;0.0663586;0.00209734;0.000978602;0.00182338
373500;0.0227364;0.0196356;0.00155297;0.322091;0.0655047;0.00209576;0.000971891;0.00186957
373000;0.0221151;0.0195543;0.0015206;0.305155;0.0610854;0.0020551;0.000958469;0.00178706
372500;0.0209462;0.0204733;0.00149889;0.314128;0.0631749;0.00218774;0.00100426;0.00182101
372000;0.0212561;0.0194702;0.00147718;0.319579;0.0612899;0.00216445;0.000970312;0.00177522
371500;0.0206706;0.0193277;0.00147284;0.30714;0.0635365;0.00211155;0.000962812;0.00179772
371000;0.0209912;0.0184426;0.00154231;0.290092;0.0581883;0.00215142;0.000953732;0.00175746
370500;0.0204851;0.018447;0.00151902;0.314987;0.0637793;0.0021009;0.000947811;0.00179733
370000;0.0208116;0.0177104;0.00153837;0.292412;0.0593679;0.00203221;0.00092452;0.00174561
369500;0.0202013;0.0205068;0.00185022;0.29744;0.0600547;0.00212971;0.001024;0.00175193
369000;0.0204946;0.0187723;0.00154745;0.301223;0.0601759;0.00204602;0.000954522;0.0017843
368500;0.0217878;0.0188879;0.00150876;0.304945;0.0613787;0.00208984;0.000964785;0.00175825
368000;0.0228675;0.0180526;0.00149534;0.306627;0.062244;0.0020101;0.000920573;0.00181746
367500;0.0198349;0.0202206;0.00148192;0.299312;0.0613626;0.00206734;0.000974654;0.00176338
367000;0.0202475;0.0195274;0.00151073;0.320598;0.0660546;0.00210011;0.00098926;0.00184391
366500;0.0196802;0.0196001;0.00150205;0.29667;0.0602482;0.00210682;0.000986497;0.00175232
366000;0.0197418;0.018282;0.00148271;0.298544;0.0611048;0.00201918;0.000936363;0.0017539
365500;0.0193912;0.0193991;0.00148942;0.297825;0.0599193;0.00207642;0.000974654;0.00173614
365000;0.0192862;0.0183317;0.00151192;0.314379;0.0655375;0.00206181;0.000947416;0.00184825
364500;0.0191516;0.0192175;0.00148744;0.296915;0.0610898;0.00204089;0.000951758;0.00176338
364000;0.0190245;0.0196423;0.0017468;0.303634;0.0610629;0.00204208;0.000968733;0.00179614
363500;0.0209861;0.0185303;0.00148784;0.291973;0.0597816;0.002018;0.000942679;0.0017393
363000;0.0234292;0.0199948;0.00154074;0.306732;0.0622121;0.00214077;0.00100623;0.00175983
362500;0.0192724;0.0192535;0.00151192;0.301897;0.0624679;0.00207997;0.000971891;0.00171995
362000;0.0184975;0.0180483;0.0015206;0.300921;0.0605355;0.00200971;0.000920573;0.00174482
361500;0.019019;0.0187991;0.00152573;0.290026;0.0599785;0.00210918;0.000971891;0.00178075
361000;0.0183511;0.0190616;0.00154824;0.299848;0.0600867;0.00209379;0.000967943;0.00177759
360500;0.0183712;0.019064;0.00151744;0.291657;0.0585764;0.00212498;0.00097426;0.00171482
360000;0.0178572;0.0186191;0.00150244;0.299901;0.0619164;0.00206734;0.000960048;0.00174522
359500;0.018025;0.0188169;0.00150994;0.309174;0.0621959;0.00205313;0.000958864;0.00177285
359000;0.0175501;0.0178091;0.00150994;0.299365;0.0597326;0.00199076;0.000919783;0.00174167
358500;0.0177672;0.0188484;0.00157863;0.305236;0.060633;0.00210326;0.000972286;0.00174127
358000;0.0173326;0.0178094;0.00154271;0.310966;0.0668793;0.00203102;0.000928073;0.0017843
357500;0.0176081;0.0175422;0.00153876;0.307843;0.0612331;0.00199589;0.000920573;0.00178035
357000;0.0181122;0.0188891;0.00153955;0.300874;0.0592613;0.00206616;0.000966759;0.00176654
356500;0.0187482;0.0185769;0.00151389;0.31418;0.0642178;0.00204208;0.000943468;0.00182535
356000;0.0168999;0.0188437;0.0014981;0.297877;0.0595348;0.00205392;0.000953337;0.00174798
355500;0.0173121;0.0180917;0.00147994;0.296706;0.0593047;0.00199234;0.000925704;0.00177877
355000;0.0166516;0.0181616;0.00152495;0.278144;0.0555107;0.00203339;0.00094031;0.0017318
354500;0.0168656;0.0188571;0.00150047;0.303291;0.0622148;0.0020476;0.000959654;0.0017689
354000;0.0164175;0.0183451;0.00156205;0.286918;0.0570494;0.00198642;0.000932021;0.0017464
353500;0.0165932;0.018372;0.00155968;0.279708;0.0556623;0.00205866;0.000959259;0.00170535
353000;0.0160816;0.0190099;0.00153442;0.300038;0.0635317;0.00211629;0.000971891;0.00180167
352500;0.0163003;0.0182176;0.00151389;0.30572;0.0605521;0.0020405;0.000939916;0.00175627
352000;0.0158309;0.0175015;0.00150481;0.289937;0.0575859;0.00198799;0.000909914;0.00173693
351500;0.0160405;0.0185058;0.00148586;0.283689;0.0559883;0.00210879;0.000944653;0.00172548
351000;0.0160607;0.0192061;0.00149258;0.292045;0.0632527;0.00227696;0.000930441;0.00173061
350500;0.0210038;0.0193908;0.0015131;0.304365;0.0599513;0.00235551;0.000913862;0.00175469
350000;0.0153817;0.0190964;0.00152179;0.289532;0.0578954;0.00230341;0.000944258;0.00177127
349500;0.0155349;0.0181091;0.00155574;0.296985;0.0599331;0.00218814;0.000914651;0.00186167
349000;0.0150852;0.0181529;0.00155337;0.303788;0.0609117;0.00213484;0.000924125;0.00195326
348500;0.0152621;0.0172793;0.00154271;0.278954;0.0559804;0.0022134;0.000905967;0.00181035
348000;0.0148638;0.0182709;0.00150955;0.288901;0.0574884;0.00222051;0.000937152;0.00187786
347500;0.0151401;0.018132;0.00148034;0.283254;0.0576526;0.00228604;0.000933205;0.00201958
347000;0.0146944;0.017753;0.00148389;0.281677;0.0573163;0.0030416;0.000909914;0.00189838
346500;0.0147288;0.0180443;0.00151271;0.291975;0.0585586;0.0023117;0.000929652;0.00182654
346000;0.0143648;0.0183688;0.00149573;0.292165;0.0582969;0.00235749;0.000937152;0.00188299
345500;0.014471;0.0180041;0.00150205;0.317071;0.0603326;0.00225959;0.000926494;0.00193075
345000;0.0141189;0.0181616;0.00151508;0.28604;0.0572808;0.00222406;0.000918599;0.00200457
344500;0.0141804;0.0178055;0.00151902;0.28574;0.0575638;0.00229551;0.000906361;0.00186799
344000;0.0141276;0.0189349;0.00148902;0.282733;0.056528;0.00227419;0.000960838;0.00183364
343500;0.0144256;0.0173527;0.00147955;0.299368;0.0614743;0.00214866;0.000902019;0.00192957
343000;0.0137474;0.0178998;0.00146573;0.287688;0.0578761;0.0020551;0.000919388;0.00185101
342500;0.0135611;0.0179646;0.00151073;0.286577;0.058782;0.00220906;0.000921757;0.0017918
342000;0.0135638;0.0179038;0.00164061;0.298219;0.0628133;0.00211313;0.000921757;0.00181549
341500;0.0136065;0.0174131;0.00171048;0.280852;0.0590398;0.00217866;0.000901624;0.00188615
341000;0.0134482;0.0167681;0.00155574;0.284279;0.058527;0.00363374;0.000878728;0.00178272
340500;0.0130147;0.0174613;0.00155692;0.277924;0.056905;0.00355597;0.000907546;0.00171403
340000;0.0130858;0.0170495;0.00153402;0.277592;0.0585444;0.00290186;0.000896492;0.00172351
339500;0.012736;0.0184845;0.00151073;0.270715;0.0562122;0.00230262;0.000953337;0.00167772
339000;0.0127941;0.0178335;0.00149494;0.2776;0.0568868;0.00208076;0.000900835;0.00171482
338500;0.0124498;0.0182314;0.00151784;0.283323;0.0575725;0.00208668;0.000909519;0.00174403
338000;0.0125387;0.0182354;0.00149218;0.273396;0.055037;0.00212932;0.000922546;0.00170614
337500;0.0121632;0.018464;0.00150047;0.277946;0.0556481;0.0022584;0.000945442;0.00167101
337000;0.0122375;0.0174321;0.00149258;0.27673;0.055309;0.00216958;0.000902414;0.00176772
336500;0.0118853;0.0162604;0.00148429;0.273043;0.0550086;0.00206774;0.000860175;0.00223985
336000;0.0124348;0.0172082;0.0014756;0.281608;0.0555048;0.00201918;0.000889782;0.00186601
335500;0.0142673;0.017117;0.00145981;0.266682;0.053473;0.002003;0.000893334;0.00178035
335000;0.0120961;0.0176638;0.00146652;0.282579;0.0566156;0.00202629;0.000968733;0.00179891
334500;0.0113125;0.0171336;0.00149415;0.306649;0.0618959;0.00198721;0.00102084;0.00196905
334000;0.0113568;0.016821;0.00148823;0.282221;0.0556599;0.00195918;0.00118111;0.00181904
333500;0.011131;0.0170657;0.00154666;0.273957;0.0542901;0.00197299;0.00111992;0.00178548
333000;0.0112257;0.0169923;0.00153087;0.29482;0.059225;0.00199747;0.00106703;0.00180088
332500;0.0106872;0.0176081;0.00152218;0.274972;0.0599268;0.0019422;0.00100387;0.00183443
332000;0.0106908;0.0176172;0.0014985;0.278292;0.0556248;0.00201286;0.00100308;0.00182772
331500;0.0104117;0.0172686;0.00148942;0.276283;0.0548013;0.00195089;0.000948995;0.00175667
331000;0.0105787;0.0168151;0.00147165;0.279731;0.0565596;0.00194615;0.000930441;0.00171917
330500;0.0105203;0.0168028;0.00149889;0.276259;0.0567747;0.00193115;0.000916625;0.00180878
330000;0.0103557;0.016958;0.00149297;0.267143;0.054026;0.00197141;0.000960838;0.00170693
329500;0.0102143;0.0169994;0.00149889;0.269233;0.0539218;0.00199155;0.000930836;0.00171364
329000;0.010073;0.0169359;0.00150323;0.269557;0.0546485;0.00196155;0.000943863;0.00168719
328500;0.00995616;0.0171936;0.0015285;0.277537;0.0551246;0.00193747;0.000982155;0.00165956
328000;0.00977141;0.0168328;0.00150521;0.26148;0.0525366;0.00192444;0.000963206;0.0016864
327500;0.00962535;0.017408;0.00148823;0.267142;0.0538231;0.00195326;0.000961233;0.0017318
327000;0.00948521;0.0174135;0.00148863;0.26677;0.0547543;0.00197931;0.000947416;0.00168008
326500;0.0125481;0.0169039;0.00146415;0.268716;0.0532724;0.0019272;0.00090044;0.00167614
326000;0.00983181;0.0171064;0.00149929;0.278514;0.055761;0.00192168;0.000900835;0.00171877
325500;0.00942087;0.0168786;0.00150994;0.260113;0.0520072;0.00200418;0.000920178;0.00165206
325000;0.00938573;0.0164191;0.00152021;0.267266;0.0540339;0.00195089;0.000900045;0.00169864
324500;0.00918994;0.0174443;0.00151271;0.271168;0.0548443;0.00194655;0.0009486;0.00167179
324000;0.00859227;0.0164487;0.00153047;0.279005;0.0562635;0.00189088;0.000971496;0.0017239
323500;0.0085749;0.0167191;0.00151744;0.279894;0.0558095;0.00194733;0.00108282;0.00170101
323000;0.00831279;0.0165498;0.00183996;0.261685;0.0640098;0.00189286;0.00116493;0.00163903
322500;0.00859306;0.0163188;0.00170614;0.268069;0.0536857;0.00191812;0.00135007;0.00172035
322000;0.00801119;0.0170685;0.00175785;0.271415;0.0544642;0.00194339;0.00109584;0.00169824
321500;0.00791329;0.0161692;0.00181391;0.272657;0.0544729;0.00196076;0.00097426;0.001656
321000;0.00775539;0.0162798;0.00156797;0.26314;0.0534891;0.00192918;0.000939521;0.0016868
320500;0.00763499;0.0177037;0.00157705;0.272663;0.0544756;0.00188457;0.00102084;0.00164614
320000;0.00750748;0.0160907;0.00157153;0.259615;0.0512706;0.00185772;0.000953337;0.00167614
319500;0.00762275;0.0169887;0.00150994;0.268076;0.0532914;0.00191062;0.000962812;0.0017618
319000;0.00748853;0.0169256;0.00151902;0.259305;0.0524711;0.00195207;0.000960838;0.00162482
318500;0.00729905;0.0159016;0.00156837;0.261512;0.0523787;0.00188378;0.000867675;0.00166943
318000;0.00722365;0.0159995;0.0018672;0.268305;0.0535476;0.00187115;0.000856622;0.00167298
317500;0.00692245;0.0158297;0.00213761;0.267046;0.0530948;0.00187036;0.000842806;0.00171482
317000;0.00668994;0.0158953;0.00253947;0.26477;0.0539246;0.00186562;0.000839253;0.00167298
316500;0.006791;0.0162225;0.00205471;0.277322;0.0533265;0.00193273;0.000858991;0.00170772
316000;0.0065052;0.0162691;0.00169785;0.260896;0.0523329;0.00190825;0.000857412;0.00163311
315500;0.00617202;0.0160883;0.00155692;0.260914;0.0517712;0.00186957;0.000841621;0.00166311
315000;0.00593201;0.0166047;0.00150008;0.258062;0.0531125;0.00191931;0.000869649;0.00164061
314500;0.00584003;0.0165845;0.00148547;0.260116;0.0517743;0.00191378;0.000865307;0.00165679
314000;0.00567186;0.0165178;0.00152179;0.263326;0.0537935;0.00192365;0.000878728;0.00168561
313500;0.00558975;0.0158972;0.00150126;0.264219;0.0601443;0.00182141;0.000809251;0.00171127
313000;0.00540935;0.0174629;0.00151784;0.262055;0.0554092;0.00192286;0.000871228;0.00165008
312500;0.00535803;0.0163267;0.00154705;0.270384;0.0557045;0.0018972;0.000844385;0.00171009
312000;0.00528263;0.0164973;0.00154903;0.255087;0.0514332;0.00191339;0.000847937;0.00164456
311500;0.00516026;0.0158965;0.00152416;0.245669;0.0500271;0.00185851;0.0008282;0.00165008
311000;0.0053683;0.0163741;0.00151192;0.257333;0.0567668;0.00188891;0.000876755;0.00167614
310500;0.00496801;0.0159229;0.001566;0.256214;0.0513638;0.00188417;0.00086807;0.00171167
310000;0.00481603;0.0155708;0.00152613;0.262215;0.052111;0.00183246;0.000831358;0.00162995
309500;0.00560318;0.0158491;0.0015281;0.266449;0.0529791;0.0017918;0.000830963;0.0017164
309000;0.00457089;0.0160986;0.00153363;0.261749;0.052338;0.00188773;0.00085228;0.0016714
308500;0.00440943;0.0161748;0.00153718;0.259142;0.0520297;0.00185378;0.000844779;0.00164771
308000;0.00438259;0.0161894;0.00152534;0.246925;0.0490509;0.00188812;0.0008432;0.00159166
307500;0.00405297;0.0165865;0.0015131;0.259029;0.0521576;0.00191418;0.000855833;0.00170259
307000;0.00393336;0.0176381;0.00150955;0.256308;0.050742;0.00194576;0.000870044;0.00164021
306500;0.00380309;0.0154942;0.00147797;0.246606;0.0496185;0.00189878;0.000833331;0.00166114
306000;0.00367361;0.0157591;0.00148942;0.252125;0.0508687;0.00190904;0.000839253;0.00166311
305500;0.00355202;0.0164878;0.00155139;0.258053;0.0525922;0.00190549;0.00086057;0.00163508
305000;0.00346438;0.0164617;0.00179891;0.24916;0.0527249;0.00189523;0.000873202;0.00163035
304500;0.00333885;0.0160769;0.00156639;0.255039;0.0525804;0.00190944;0.000856227;0.00168008
304000;0.00318055;0.0154753;0.00154705;0.2584;0.0535902;0.00185654;0.00082741;0.00169982
303500;0.00307081;0.0152723;0.001536;0.256332;0.051258;0.00177562;0.000801751;0.00167456
303000;0.00290975;0.0157078;0.00149376;0.261621;0.0543537;0.00187865;0.0008357;0.00164535
302500;0.00279606;0.0165336;0.00148231;0.268578;0.0530956;0.00194418;0.000870438;0.00171995
302000;0.00264013;0.0150169;0.00148271;0.249602;0.0502687;0.0018443;0.000808067;0.00162482
301500;0.00252881;0.0148934;0.00158061;0.256621;0.0513555;0.0020405;0.000961627;0.00165877
301000;0.00237604;0.0165727;0.00151152;0.246658;0.0520238;0.0023342;0.000880702;0.00158692
300500;0.00232038;0.0162004;0.00150323;0.255235;0.0506725;0.00217077;0.000828199;0.00165364
300000;0;0.0158759;0.00149376;0.250996;0.0503212;0.00204918;0.000827015;0.00168443
299500;0;0.0161937;0.00156679;0.238881;0.0478271;0.00202392;0.00084399;0.0015889
299000;0;0.0158459;0.00150442;0.252171;0.0518339;0.00199431;0.000822673;0.00168482
298500;0;0.0157464;0.00148705;0.252768;0.0507547;0.00197063;0.000818331;0.00172982
298000;0;0.0163998;0.00147757;0.248783;0.0499505;0.00205589;0.000840832;0.00176851
297500;0;0.0153079;0.00150915;0.255946;0.0511909;0.00233183;0.000801751;0.00180167
297000;0;0.0163737;0.00150284;0.244654;0.0496272;0.00290304;0.0008432;0.00175114
296500;0;0.0150552;0.00155692;0.241501;0.0486174;0.00290186;0.00080254;0.00171324
296000;0;0.015658;0.00152613;0.23969;0.0488981;0.0020851;0.000841621;0.00183286
295500;0;0.0149676;0.00153126;0.246489;0.0498317;0.00205668;0.000799382;0.00171088
295000;0;0.0149096;0.00150244;0.246571;0.0505727;0.00193312;0.000794645;0.00167337
294500;0;0.0153185;0.00147994;0.239738;0.0504807;0.0018747;0.000806883;0.0016564
294000;0;0.0163212;0.00147323;0.240482;0.0485539;0.00183601;0.000807672;0.00168403
293500;0;0.0159971;0.00151547;0.248502;0.051706;0.00187391;0.000828989;0.00172824
293000;0;0.0156039;0.00148981;0.235505;0.0482953;0.00182378;0.000814778;0.00173653
292500;0;0.014878;0.00154271;0.233024;0.0485124;0.00178154;0.000791092;0.00167535
292000;0;0.014876;0.00153166;0.239591;0.0483928;0.00181785;0.000798593;0.00170811
291500;0;0.0152704;0.00154034;0.237776;0.0480691;0.00181272;0.000923731;0.00170219
291000;0;0.0157934;0.00150994;0.247231;0.0511044;0.00188733;0.000944258;0.00174601
290500;0;0.015268;0.00149771;0.239625;0.056873;0.00184193;0.000830173;0.00165719
290000;0;0.0151433;0.00148113;0.233706;0.0471186;0.0018297;0.000814778;0.00160311
289500;0;0.0152656;0.00150086;0.240449;0.0484911;0.00181035;0.000804909;0.00169745
289000;0;0.0152033;0.00150718;0.2399;0.0477269;0.00179654;0.000795435;0.00170259
288500;0;0.0149743;0.00152929;0.24317;0.0506137;0.00179654;0.000787145;0.00165403
288000;0;0.0152135;0.00151152;0.23968;0.0482128;0.00178351;0.000788724;0.00160469
287500;0;0.0154626;0.00151942;0.246315;0.0490323;0.00181943;0.000797803;0.00165798
287000;0;0.0156995;0.00150047;0.242606;0.0485701;0.00182851;0.000810435;0.00161061
286500;0;0.0149044;0.00150442;0.234764;0.0468983;0.00176733;0.000784776;0.0015889
286000;0;0.0157003;0.00146099;0.233033;0.0466843;0.00182457;0.00081083;0.0018443
285500;0;0.0151689;0.00147126;0.236371;0.0473874;0.00182575;0.000847937;0.00176614
285000;0;0.0149992;0.00150126;0.239591;0.049208;0.00180996;0.000804909;0.00184193
284500;0;0.015555;0.00149257;0.237623;0.0476613;0.00180285;0.000802935;0.00169864
284000;0;0.016084;0.00149336;0.236993;0.0499667;0.00182101;0.000804909;0.00168443
283500;0;0.0145022;0.00151231;0.235382;0.0486605;0.00177562;0.000791092;0.00167732
283000;0;0.0148136;0.00153008;0.229143;0.0469476;0.00179338;0.000783987;0.00166627
282500;0;0.0145949;0.00151547;0.238766;0.0487532;0.00180088;0.000772539;0.00170535
282000;0;0.0150343;0.00148192;0.237799;0.0487978;0.00177404;0.000804909;0.00166272
281500;0;0.0154208;0.00148823;0.231327;0.046736;0.00175746;0.000785961;0.00166193
281000;0;0.0156028;0.00151271;0.243176;0.0482322;0.00179456;0.000836095;0.00196747
280500;0;0.0155179;0.00149415;0.227917;0.0456568;0.00183246;0.000808067;0.00212221
280000;0;0.014891;0.00149494;0.218273;0.043409;0.00176101;0.000768591;0.00161692
279500;0;0.0149277;0.00150244;0.233259;0.0475548;0.00181825;0.000786355;0.00170851
279000;0;0.0154895;0.00154903;0.232593;0.0472153;0.00183088;0.000796224;0.00162127
278500;0;0.0146281;0.00154705;0.231423;0.0462059;0.00180364;0.00077096;0.0015889
278000;0;0.0144516;0.00158416;0.241266;0.0479661;0.00175272;0.000753985;0.0016489
277500;0;0.0151835;0.00150955;0.241493;0.0486901;0.00189562;0.000866886;0.00166232
277000;0;0.0147071;0.00155574;0.233451;0.0471517;0.00192839;0.000773328;0.00154429
276500;0;0.0147098;0.00153284;0.232892;0.0467712;0.00178746;0.000763459;0.00164771
276000;0;0.0152017;0.00153679;0.234644;0.0463879;0.00180246;0.000778855;0.00158929
275500;0;0.0143912;0.00151981;0.233236;0.0482401;0.00180206;0.00078675;0.00158337
275000;0;0.0146865;0.00149415;0.238528;0.0477198;0.00177798;0.000790303;0.00157232
274500;0;0.013867;0.00147955;0.22678;0.0450725;0.00180009;0.000763854;0.00156087
274000;0;0.0137561;0.00146257;0.221893;0.0440742;0.00172706;0.000759512;0.00151823
273500;0;0.0142227;0.00145784;0.232395;0.04797;0.0017618;0.000772539;0.00157784
273000;0;0.0139689;0.00151705;0.225951;0.0481477;0.00174877;0.000781223;0.00154784
272500;0;0.0152025;0.00152455;0.232412;0.046406;0.00183601;0.000801751;0.00160192
272000;0;0.0152858;0.00151744;0.226592;0.0455683;0.00175983;0.00077925;0.0015585
271500;0;0.0149096;0.00152652;0.234185;0.0465359;0.00171956;0.000755169;0.00153758
271000;0;0.015148;0.00150442;0.223276;0.0450942;0.0017693;0.000777276;0.00156403
270500;0;0.014664;0.00149376;0.225408;0.045656;0.00179417;0.000847543;0.00151902
270000;0;0.0146024;0.00147955;0.216197;0.0436482;0.00176259;0.000767012;0.00151073
269500;0;0.0142637;0.00146139;0.21792;0.0435906;0.00177404;0.000780434;0.00153245
269000;0;0.0144288;0.00148073;0.229052;0.0469875;0.00174404;0.000755564;0.00156284
268500;0;0.0135338;0.00147955;0.224326;0.0477675;0.00171561;0.000725958;0.00152731
268000;0;0.0145101;0.00148784;0.224328;0.0450346;0.0017389;0.00076188;0.00154745
267500;0;0.015103;0.00151666;0.224349;0.0451507;0.00176456;0.000768986;0.00171324
267000;0;0.0147007;0.00156087;0.224362;0.0442909;0.00182141;0.000775697;0.0015889
266500;0;0.0145906;0.0015285;0.217923;0.0439419;0.00180206;0.000790698;0.0018972
266000;0;0.013884;0.00153955;0.22184;0.0459213;0.00171127;0.000723194;0.00172311
265500;0;0.0148673;0.00150047;0.226927;0.045883;0.00174325;0.000756354;0.00160587
265000;0;0.0135603;0.00150284;0.214789;0.0424979;0.00171009;0.000780434;0.00155534
264500;0;0.0140786;0.00147955;0.216351;0.0435957;0.00178588;0.000775302;0.00153363
264000;0;0.0136365;0.00147402;0.222493;0.0489996;0.00173338;0.000751222;0.00153837
263500;0;0.0135666;0.00147086;0.212192;0.0426945;0.00175232;0.000752406;0.00152179
263000;0;0.0136278;0.00146257;0.227422;0.0457559;0.00170732;0.000753985;0.0015581
262500;0;0.0135244;0.00145586;0.218316;0.0440493;0.00173772;0.000749248;0.00157863
262000;0;0.0136231;0.00150323;0.215936;0.0432385;0.00173693;0.000758722;0.00152692
261500;0;0.013749;0.00149968;0.226606;0.0459576;0.00179022;0.000763459;0.00157429
261000;0;0.013042;0.00152021;0.221996;0.044283;0.00173772;0.000777671;0.0015206
260500;0;0.0132303;0.00168758;0.22781;0.0453986;0.0017314;0.00077096;0.00153166
260000;0;0.0130625;0.00172153;0.203091;0.0409023;0.0017018;0.000776092;0.00149889
259500;0;0.0131726;0.00153876;0.209319;0.0419236;0.00177917;0.000800172;0.00154231
259000;0;0.0134971;0.00149968;0.208737;0.0425579;0.00181983;0.000806488;0.00144441
258500;0;0.0129306;0.00146849;0.219122;0.0447062;0.00178075;0.00077925;0.00153639
258000;0;0.0132457;0.00162956;0.215518;0.0429622;0.00176812;0.00081162;0.00153639
257500;0;0.0144094;0.0014985;0.214107;0.0448913;0.00175035;0.000805304;0.00157863
257000;0;0.0146624;0.00153324;0.211449;0.0428366;0.00174482;0.000802935;0.00155692
256500;0;0.0127068;0.00188062;0.219004;0.0475354;0.00169509;0.000776486;0.00155021
256000;0;0.0135477;0.0025971;0.22047;0.0446565;0.00174009;0.000809646;0.0015431
255500;0;0.0131225;0.00172903;0.21582;0.0445929;0.00169903;0.000796224;0.00151468
255000;0;0.0129812;0.00149179;0.220907;0.0454341;0.00170416;0.00078675;0.00152731
254500;0;0.0131197;0.00149179;0.21461;0.0428039;0.00171917;0.000785171;0.00150008
254000;0;0.0123886;0.00149415;0.214375;0.0435397;0.00163192;0.000692798;0.00154429
253500;0;0.012826;0.00154152;0.220011;0.0425619;0.00166114;0.000716483;0.00150284
253000;0;0.0127601;0.00181707;0.211875;0.0390284;0.00165087;0.000727931;0.00146455
252500;0;0.0128892;0.00258131;0.210743;0.0421983;0.00165521;0.000761091;0.00154468
252000;0;0.0135512;0.0016335;0.203037;0.0408064;0.00176693;0.000806488;0.001476
251500;0;0.0130112;0.00157705;0.207303;0.0424352;0.00169864;0.000722405;0.00153402
251000;0;0.0134916;0.00155021;0.210365;0.0427593;0.00175311;0.000749248;0.00157311
250500;0;0.0133297;0.00157745;0.21377;0.0436861;0.00166666;0.000723194;0.00154547
250000;0;0.0133708;0.00156521;0.211158;0.0423057;0.00169035;0.000720036;0.00150915
249500;0;0.0134399;0.00151271;0.204098;0.0409892;0.00170574;0.000742932;0.00148902
249000;0;0.0138887;0.00154942;0.205061;0.0416188;0.00173851;0.000755564;0.00146613
248500;0;0.0136009;0.00153916;0.211448;0.042325;0.00172074;0.00075359;0.00150323
248000;1.58433e-307;0.0131462;0.0015435;0.203651;0.0407914;0.00168403;0.000718457;0.00148271
247500;1.40737e-298;0.0129066;0.00153876;0.21477;0.0412568;0.00167337;0.000724379;0.00149534
247000;0;0.0126062;0.00148863;0.213047;0.0432559;0.00166272;0.000704641;0.00152258
246500;0;0.0130151;0.00147047;0.216109;0.0462288;0.00170377;0.000720826;0.00148034
246000;0;0.0131339;0.00146297;0.204654;0.0412635;0.00170377;0.000724773;0.00145586
245500;0;0.0134115;0.00171798;0.204615;0.0407898;0.00176456;0.0007378;0.0015135
245000;0;0.0127104;0.00151152;0.199606;0.0398535;0.00188931;0.000707404;0.00148665
244500;0;0.0133933;0.00151231;0.194484;0.0389905;0.00205195;0.000784382;0.00144757
244000;0;0.0127451;0.00150915;0.210298;0.0425599;0.00185891;0.000721615;0.00147284
243500;0;0.0130289;0.00151389;0.208938;0.0421162;0.00172193;0.000702272;0.00148429
243000;0;0.0132958;0.00150994;0.203914;0.0408696;0.00169943;0.000723194;0.00148626
242500;0;0.0124147;0.00147402;0.202404;0.0402762;0.00165995;0.000686877;0.001491
242000;0;0.0128138;0.00147165;0.21323;0.0421608;0.00166508;0.000703851;0.00151863
241500;0;0.0134419;0.00155889;0.206924;0.0419393;0.00168719;0.000707404;0.00153323
241000;0;0.0118305;0.00147757;0.213382;0.0427115;0.0016185;0.000672271;0.00150086
240500;0;0.0119023;0.00150047;0.195318;0.0388038;0.00164811;0.000701483;0.00144994
240000;0;0.0118451;0.00166548;0.200624;0.0400571;0.00165245;0.000693588;0.00147205
239500;0;0.0124005;0.00156245;0.202292;0.0405553;0.00169311;0.000709773;0.0014831
239000;0;0.0126709;0.00150205;0.20357;0.0427446;0.00205629;0.000711746;0.00149336
238500;0;0.0123338;0.00149139;0.209379;0.0403828;0.00271277;0.000729905;0.00145626
238000;0;0.0124163;0.00148823;0.199124;0.0398929;0.00182338;0.000738985;0.00145389
237500;0;0.0119801;0.00150758;0.187513;0.0376112;0.00183128;0.000705825;0.00143494
237000;0;0.0124712;0.00152613;0.196488;0.0387114;0.00174996;0.000741353;0.00147836
236500;0;0.0120314;0.00175667;0.205464;0.0408656;0.00172509;0.000707009;0.00148429
236000;0;0.0119544;0.00154271;0.193988;0.0385421;0.00165245;0.000716878;0.00145152
235500;0;0.0123693;0.00155732;0.185866;0.0380589;0.00165916;0.000718457;0.0014306
235000;0;0.0122292;0.00162008;0.19595;0.0397919;0.00170535;0.000724379;0.00147678
234500;0;0.0117752;0.00149139;0.189682;0.0390051;0.0016635;0.000690429;0.00147994
234000;0;0.0121885;0.00148665;0.194071;0.038927;0.00172272;0.000711352;0.00145507
233500;0;0.0122142;0.00154705;0.189653;0.0382918;0.0017014;0.000709378;0.00147205
233000;0;0.0119185;0.00149139;0.194688;0.0399178;0.00162521;0.000700298;0.00148429
232500;0;0.0121265;0.00150284;0.188027;0.0385531;0.00161811;0.000696351;0.00145113
232000;0;0.0117168;0.00150086;0.205995;0.0410515;0.00163627;0.000694772;0.00150323
231500;0;0.0118766;0.0015281;0.198554;0.0396675;0.00161416;0.000698325;0.00149139
231000;0;0.0115178;0.00149968;0.194698;0.0432626;0.00164416;0.000693193;0.00145665
230500;0;0.0120073;0.00148468;0.193101;0.0387631;0.00168087;0.000701877;0.00143455
230000;0;0.0114689;0.00147284;0.194577;0.039075;0.00161377;0.00068135;0.00144994
229500;0;0.0119552;0.00153758;0.190261;0.0381821;0.00164495;0.000702667;0.00142705
229000;0;0.011236;0.00156718;0.1887;0.0372745;0.00156284;0.000661217;0.00141086
228500;0;0.0117539;0.00152968;0.197585;0.0392163;0.0016864;0.000708588;0.00146771
228000;0;0.0110252;0.00150521;0.190649;0.0446407;0.00158297;0.000667139;0.00145034
227500;0;0.0116599;0.00150679;0.186033;0.0367893;0.00160982;0.000685692;0.00143612
227000;0;0.0115885;0.00147915;0.193514;0.0379811;0.00159126;0.000704246;0.00144284
226500;0;0.0121506;0.00146534;0.184608;0.0363362;0.00164021;0.000708193;0.00139783
226000;0;0.011551;0.00145705;0.186168;0.0369275;0.00171364;0.000709378;0.00136783
225500;0;0.0113378;0.00146534;0.187961;0.0387;0.00164535;0.00069714;0.00142862
225000;0;0.0114807;0.00153837;0.180513;0.0360287;0.00160903;0.000683719;0.00139665
224500;0;0.0118814;0.00149731;0.17897;0.0355036;0.00166666;0.000696351;0.0014231
224000;0;0.0116998;0.00151073;0.192229;0.0386419;0.00163785;0.000679376;0.00146297
223500;0;0.0120744;0.00156363;0.191455;0.038231;0.00165443;0.000681745;0.00145073
223000;0;0.0108503;0.00150718;0.182463;0.0365016;0.00157745;0.000647006;0.0014227
222500;0;0.0110658;0.001491;0.177213;0.0362991;0.00158653;0.000653322;0.0014377
222000;0;0.0115865;0.00146928;0.185131;0.0371604;0.00163074;0.000684508;0.0014681
221500;0;0.0112139;0.00146692;0.184342;0.0364609;0.00162837;0.000672665;0.0014452
221000;0;0.0109608;0.00151073;0.184325;0.0367325;0.00165995;0.00065727;0.0014527
220500;0;0.0114045;0.0014906;0.187132;0.03737;0.00163508;0.000667139;0.00145428
220000;0;0.0112154;0.00149336;0.183201;0.0373223;0.00163587;0.000660428;0.00153205
219500;0;0.0109502;0.00150244;0.180989;0.0363109;0.00165837;0.000655691;0.00156245
219000;0;0.0111858;0.00150915;0.172788;0.0346825;0.00164929;0.000662796;0.00150481
218500;0;0.0117053;0.00150481;0.176251;0.0351669;0.00167851;0.0007228;0.00147205
218000;0;0.0110528;0.00169153;0.171986;0.0339822;0.001641;0.000666744;0.00145113
217500;0;0.0111653;0.00149455;0.188946;0.0366453;0.00166864;0.000666349;0.00153323
217000;0;0.0111475;0.00154666;0.183107;0.0364514;0.00163745;0.000658849;0.00149731
216500;0;0.0115976;0.001506;0.174153;0.0357046;0.0016639;0.000677402;0.00148863
216000;0;0.0115245;0.00151429;0.179722;0.035487;0.00162245;0.000667928;0.00146613
215500;0;0.0109332;0.00151666;0.177421;0.0356327;0.00160903;0.000647796;0.00145784
215000;0;0.0111815;0.00151784;0.184144;0.036442;0.00161574;0.000648191;0.00156205
214500;0;0.0105507;0.0014835;0.177507;0.0357768;0.0015885;0.000620952;0.00157824
214000;0;0.0114519;0.00147521;0.175422;0.0353793;0.00161179;0.000644243;0.001596
213500;0;0.0110686;0.00148113;0.171811;0.0348637;0.0016335;0.000649769;0.00147521
213000;0;0.0112415;0.00157153;0.178998;0.0360105;0.00161061;0.00064898;0.00144757
212500;0;0.0106999;0.00150521;0.182141;0.0378283;0.00162048;0.000640295;0.0014606
212000;0;0.0111329;0.00152218;0.171171;0.0355688;0.00163745;0.00064819;0.0014681
211500;0;0.0101788;0.00150679;0.176884;0.0359418;0.00157311;0.000620558;0.00143889
211000;0;0.0111306;0.00152455;0.172274;0.0359785;0.00156876;0.00064898;0.00139507
210500;0;0.010703;0.00149494;0.165896;0.0333684;0.0015581;0.000634374;0.0013706
210000;0;0.010122;0.00147244;0.172566;0.0343521;0.00155732;0.000619373;0.00140612
209500;0;0.0108294;0.00145823;0.170731;0.0344117;0.00163548;0.000650164;0.00142389
209000;0;0.0104674;0.00147639;0.176801;0.0354274;0.00155258;0.00062411;0.00170732
208500;0;0.0102759;0.00150323;0.16997;0.0344204;0.0016035;0.00063319;0.0014602
208000;0;0.0107188;0.00149692;0.171542;0.0348854;0.00157942;0.000637137;0.0014231
207500;0;0.00990721;0.00154508;0.177713;0.0356157;0.00153916;0.000610294;0.00142626
207000;0;0.0108799;0.00152021;0.166823;0.0336842;0.00159245;0.000642269;0.00144678
206500;0;0.0104536;0.00150639;0.166059;0.0324376;0.0015356;0.000623321;0.00137415
206000;0;0.0102376;0.00148192;0.171855;0.0340904;0.00156166;0.000621347;0.00143455
205500;0;0.0100016;0.00147165;0.166072;0.0329953;0.00155258;0.000627663;0.00138323
205000;0;0.0101895;0.00146652;0.166544;0.0361431;0.00151744;0.000641874;0.00141599
204500;0;0.0101074;0.00149929;0.172485;0.0338212;0.00154903;0.000663191;0.00138757
204000;0;0.00964193;0.00149297;0.169094;0.0332504;0.00157666;0.000677797;0.0014002
203500;0;0.0106028;0.00150323;0.169124;0.0338757;0.00157192;0.000675823;0.00139231
203000;0;0.0107366;0.00150837;0.167342;0.0332267;0.00158534;0.000679771;0.00138836
202500;0;0.0104958;0.00151192;0.169327;0.0338306;0.0015964;0.00068135;0.00140375
202000;0;0.0107773;0.00146731;0.167802;0.0333072;0.00156679;0.000667534;0.00139744
201500;0;0.00957088;0.00146494;0.160081;0.0325441;0.00152652;0.000614241;0.0013477
201000;0;0.0102345;0.00144994;0.163972;0.0331694;0.00155337;0.000620558;0.00136941
200500;0;0.00996208;0.00156403;0.160765;0.0316848;0.0014981;0.000602004;0.00129006
200000;0;0.0104433;0.00149336;0.168742;0.0341749;0.00158969;0.000637532;0.00142626
199500;0;0.00968851;0.00150008;0.164757;0.0340564;0.00151429;0.000596872;0.00138796
199000;0;0.00968812;0.00150797;0.167177;0.0329002;0.00156955;0.00060911;0.00134533
198500;0;0.0105112;0.00149336;0.163123;0.032747;0.00156442;0.000629637;0.00136862
198000;0;0.00946666;0.00146455;0.160362;0.032235;0.0015285;0.000596872;0.00137652
197500;0;0.0100588;0.00148902;0.164376;0.032989;0.00157587;0.000618978;0.00132559
197000;0;0.00984365;0.00147165;0.16854;0.0335508;0.00156245;0.000614241;0.00133744
196500;0;0.00989458;0.00149139;0.161403;0.0320898;0.00153442;0.000606346;0.00138994
196000;0;0.00996524;0.00149494;0.160024;0.0320381;0.00151034;0.000605557;0.00134296
195500;0;0.00947377;0.00149968;0.157347;0.0323235;0.00148586;0.000587003;0.00134533
195000;0;0.00964035;0.00150679;0.161856;0.0327076;0.0014835;0.000590951;0.00137138
194500;0;0.0101381;0.00149139;0.162539;0.0325189;0.00153837;0.000611478;0.00138165
194000;0;0.00993089;0.00147521;0.162313;0.0307014;0.0015506;0.000607531;0.00135757
193500;0;0.00991392;0.00147205;0.157561;0.0307875;0.00156087;0.000593714;0.00131454
193000;0;0.0095843;0.00145389;0.159736;0.0320858;0.00156916;0.000594109;0.00137849
192500;0;0.0103138;0.00147284;0.154919;0.0325485;0.00162363;0.000641085;0.00138402
192000;0;0.00983971;0.00145073;0.156079;0.0312833;0.00156758;0.000608715;0.00135994
191500;0;0.00952627;0.00145192;0.157819;0.0315869;0.00154508;0.000595293;0.00134888
191000;0;0.0094489;0.00144955;0.157538;0.0314597;0.00152771;0.000603978;0.00138046
190500;0;0.00929494;0.00152021;0.159653;0.0319275;0.00157153;0.000637532;0.0013477
190000;0;0.00973865;0.0016868;0.15681;0.0313358;0.00154152;0.000774118;0.00135046
189500;0;0.00939245;0.00168561;0.163237;0.0327632;0.00152771;0.000675034;0.00135875
189000;0;0.00929257;0.00161298;0.162154;0.0340134;0.00156797;0.000821883;0.00129914
188500;0;0.00950219;0.00156797;0.155188;0.0308862;0.00153442;0.000657665;0.00137375
188000;0;0.00962575;0.00156126;0.158121;0.0319086;0.00162008;0.000636348;0.00135244
187500;0;0.00908019;0.00152692;0.161981;0.0314708;0.00152297;0.000599241;0.0013248
187000;0;0.00891992;0.00151192;0.160338;0.0319216;0.00146178;0.000579503;0.00138244
186500;0;0.00928073;0.00152258;0.152963;0.0306994;0.00153205;0.000621347;0.0013781
186000;0;0.00927915;0.00154389;0.151658;0.0304875;0.0015581;0.000622531;0.0013552
185500;0;0.00955785;0.00168798;0.151584;0.0316358;0.00155258;0.000646217;0.00136152
185000;0;0.00898387;0.00181628;0.156556;0.0313709;0.00156876;0.000617399;0.00135402
184500;0;0.00899493;0.0016864;0.154826;0.0312343;0.0015735;0.000603978;0.00135915
184000;0;0.00904348;0.00178983;0.154591;0.0320282;0.00153205;0.000594898;0.00133546
183500;0;0.00893927;0.00163508;0.154175;0.0314159;0.00148429;0.000576345;0.00138441
183000;0;0.0099834;0.00166035;0.153271;0.0311471;0.00153679;0.000597267;0.00136467
182500;0;0.00951285;0.00157666;0.151739;0.0308763;0.00148942;0.00058345;0.00132954
182000;0;0.00927836;0.00166114;0.148829;0.0336917;0.00147915;0.000584635;0.00131691
181500;0;0.00890847;0.00169074;0.151712;0.0385736;0.00145665;0.000609504;0.00135638
181000;0;0.00987089;0.00161416;0.147228;0.0291382;0.00151152;0.000637532;0.00130664
180500;0;0.0092677;0.00153955;0.152183;0.0302849;0.00149179;0.000683324;0.00130507
180000;0;0.00920809;0.0017393;0.148755;0.0303442;0.00148468;0.000580687;0.00134059
179500;0;0.0093806;0.00159995;0.150816;0.0299995;0.00150679;0.000589372;0.00133428
179000;0;0.0087636;0.00156126;0.146205;0.0294058;0.00146099;0.000564897;0.00133112
178500;0;0.00862149;0.00155968;0.139042;0.0292582;0.00144955;0.000555028;0.00131967
178000;0;0.00919783;0.00153837;0.152079;0.0292341;0.00161771;0.000582266;0.00132165
177500;0;0.00921165;0.00152534;0.146057;0.0290103;0.00156561;0.000580292;0.0013173
177000;0;0.00893729;0.0015056;0.143468;0.0287004;0.00180838;0.000573581;0.00128809
176500;0;0.00884768;0.00150994;0.148027;0.0300011;0.00172548;0.00056766;0.00130112
176000;0;0.00879952;0.00154942;0.149918;0.0299383;0.0014681;0.000561739;0.00134217
175500;0;0.0089894;0.00152573;0.14392;0.0287328;0.00151626;0.000573976;0.00135915
175000;0;0.00939166;0.00158297;0.155225;0.0312703;0.00148192;0.000581477;0.00136823
174500;0;0.00845964;0.00156955;0.145228;0.0286664;0.00144165;0.000547922;0.00131849
174000;0;0.00899808;0.00152534;0.144552;0.0288303;0.00150481;0.000572002;0.00131336
173500;0;0.0087182;0.00152021;0.146914;0.0293592;0.00144165;0.000555817;0.00132125
173000;0;0.00902414;0.00150994;0.146131;0.029135;0.00146257;0.000565292;0.0013177
172500;0;0.00876005;0.00149731;0.141727;0.0278753;0.00146021;0.000561739;0.00126598
172000;0;0.00860964;0.00154942;0.137471;0.0273468;0.00142389;0.000560555;0.00129717
171500;0;0.00869294;0.00151666;0.145804;0.0296664;0.00150165;0.000620163;0.00134849
171000;0;0.00845924;0.00150837;0.139917;0.0285978;0.00193154;0.000607531;0.00124348
170500;0;0.00894242;0.00152455;0.147885;0.0288528;0.00155968;0.000604372;0.00125414
170000;0;0.0080933;0.00151073;0.140665;0.0276756;0.00141126;0.000568844;0.00123243
169500;0;0.00863096;0.001566;0.141354;0.0282519;0.00147797;0.000566871;0.00130586
169000;0;0.00818962;0.0015285;0.143997;0.0287335;0.00146731;0.000547922;0.0013323
168500;0;0.00786868;0.00151587;0.135387;0.0270523;0.00139073;0.000529369;0.00128691
168000;0;0.00809093;0.00150521;0.144864;0.0289499;0.00144955;0.000545554;0.00135599
167500;0;0.00829265;0.00159284;0.149309;0.0356884;0.00140375;0.000552265;0.00128809
167000;0;0.00866451;0.00154271;0.129947;0.0263761;0.00141639;0.000551475;0.00127546
166500;0;0.00828397;0.00150994;0.13559;0.0273353;0.00141797;0.000544764;0.00127822
166000;0;0.00848806;0.00150205;0.140491;0.0281067;0.00147047;0.000558976;0.00132283
165500;0;0.00822199;0.0015206;0.137758;0.0276945;0.00143928;0.000545159;0.00129993
165000;0;0.00821528;0.00149494;0.134503;0.0266027;0.00146099;0.000550291;0.00128572
164500;0;0.00801672;0.00150323;0.140566;0.0279322;0.00140494;0.000535685;0.00130467
164000;0;0.00820304;0.00148665;0.135774;0.0303489;0.00140257;0.000536869;0.00131336
163500;0;0.0081991;0.00154587;0.135667;0.0270361;0.00141283;0.000543185;0.00126796
163000;0;0.00843082;0.00150837;0.136944;0.027676;0.00145507;0.000555028;0.00129362
162500;0;0.00844858;0.00150402;0.131669;0.0265877;0.00144481;0.000557002;0.00126914
162000;0;0.00795948;0.00150086;0.132972;0.0262797;0.00141876;0.000535685;0.00125967
161500;0;0.00810238;0.00149534;0.13487;0.0266721;0.00138481;0.000533711;0.0012573
161000;0;0.00783316;0.00148073;0.14004;0.0275757;0.00138599;0.000528184;0.00123914
160500;0;0.0079883;0.00147481;0.138142;0.0269864;0.00137731;0.00052779;0.00128533
160000;0;0.00823897;0.00148784;0.133296;0.0268407;0.00139231;0.000536474;0.00128572
159500;0;0.00785289;0.00154034;0.129478;0.0260342;0.0013781;0.000531737;0.00123401
159000;0;0.00780631;0.00149613;0.135781;0.0265411;0.00139546;0.000539632;0.00127783
158500;0;0.00764012;0.00151152;0.1326;0.0265983;0.00137928;0.0005195;0.00131967
158000;0;0.00868425;0.0014906;0.126733;0.0250935;0.00144007;0.000552659;0.00125256
157500;0;0.00769973;0.00149652;0.132449;0.0264704;0.00138875;0.000515947;0.00129559
157000;0;0.00856622;0.0014831;0.123375;0.0247659;0.00137375;0.000538053;0.00123954
156500;0;0.00757499;0.00148784;0.129924;0.0262663;0.00136586;0.000540027;0.0013102
156000;0;0.00747906;0.00148744;0.125139;0.0266911;0.0013927;0.000521868;0.0012498
155500;0;0.00779487;0.00155534;0.126178;0.0256193;0.00141362;0.000535685;0.00130349
155000;0;0.00759709;0.00153995;0.12428;0.0251093;0.0013477;0.000512394;0.00120559
154500;0;0.00746248;0.00151784;0.126836;0.0267092;0.00135362;0.00051121;0.00128217
154000;0;0.00755564;0.001506;0.127516;0.0256205;0.00136073;0.000516342;0.00130941
153500;0;0.00767841;0.00150837;0.124766;0.0244331;0.00140415;0.000530553;0.00127822
153000;0;0.00743564;0.00148744;0.129528;0.0257508;0.00136309;0.000514368;0.00125375
152500;0;0.00761644;0.00147244;0.128705;0.0262979;0.00139191;0.000524632;0.00126243
152000;0;0.00746248;0.00147639;0.124553;0.0250078;0.00139823;0.000524237;0.00124704
151500;0;0.00799619;0.00154784;0.121846;0.0240624;0.0014156;0.000540027;0.00124151
151000;0;0.00714036;0.00151823;0.124874;0.0250769;0.00142586;0.000520289;0.00127112
150500;0;0.00747827;0.00149534;0.124687;0.0243281;0.00142349;0.000534501;0.00124585
150000;0;0.00694298;0.00150758;0.124485;0.0244157;0.00135046;0.000498972;0.00127467
149500;0;0.00720628;0.00151113;0.125772;0.0251034;0.00140218;0.000517921;0.00126677
149000;0;0.00724576;0.0014831;0.116308;0.0232709;0.00137533;0.000514368;0.00123243
148500;0;0.00702509;0.00148034;0.118465;0.0237182;0.00135915;0.000501736;0.0012269
148000;0;0.00707365;0.00146534;0.11796;0.0238473;0.00134652;0.000500551;0.00127151
147500;0;0.00719878;0.00146455;0.118599;0.0261838;0.0013702;0.00051042;0.00120401
147000;0;0.00727339;0.00151863;0.122764;0.024169;0.00133744;0.000506868;0.00121861
146500;0;0.00701246;0.00148429;0.124124;0.0244528;0.00134888;0.000498972;0.0012652
146000;0;0.00746327;0.0015056;0.118316;0.0240352;0.00137415;0.000521868;0.00124348
145500;0;0.00697101;0.00148863;0.116945;0.0232322;0.00133665;0.000495025;0.00118151
145000;0;0.00721378;0.00147205;0.119341;0.0235686;0.00136388;0.000510026;0.00122217
144500;0;0.00697259;0.00148034;0.11518;0.0227877;0.00136191;0.000499367;0.00127427
144000;0;0.00700456;0.00146771;0.1237;0.0247481;0.00130507;0.000484761;0.0012798
143500;0;0.00722444;0.00152179;0.119243;0.0248965;0.0013323;0.000493051;0.0012419
143000;0;0.00689324;0.00166706;0.115316;0.0231971;0.00137257;0.00050213;0.00126164
142500;0;0.00757064;0.00153876;0.119085;0.0240995;0.00139428;0.000515947;0.00124151
142000;0;0.00738669;0.00154231;0.125;0.0246833;0.00132362;0.000488314;0.0012269
141500;0;0.00689285;0.00154942;0.119271;0.0251503;0.00131138;0.000486735;0.00129757
141000;0;0.00641756;0.00152889;0.117964;0.0237296;0.00127191;0.000484366;0.0011819
140500;0;0.0070547;0.00151981;0.113197;0.0228525;0.00135402;0.00051042;0.00121703
140000;0;0.00718852;0.00150402;0.117514;0.0231387;0.00130664;0.000489104;0.00126954
139500;0;0.00676337;0.00156205;0.115262;0.0227972;0.00131533;0.000489893;0.00125691
139000;0;0.00697219;0.00158218;0.12498;0.0286629;0.00136191;0.000506868;0.00126322
138500;0;0.0063465;0.00152337;0.121145;0.0240071;0.00129914;0.000478445;0.00123835
138000;0;0.00666033;0.00153284;0.116845;0.0236479;0.00130033;0.000482787;0.00127664
137500;0;0.0063619;0.00152455;0.111369;0.0224111;0.00129401;0.000473313;0.00123283
137000;0;0.00707799;0.00155574;0.112579;0.0240782;0.00134849;0.000506473;0.00125059
136500;0;0.00674797;0.00151389;0.112963;0.0235389;0.00138402;0.000506078;0.00133901
136000;0;0.00659283;0.0015285;0.110173;0.022436;0.00129401;0.000481998;0.00126638
135500;0;0.00668955;0.00159995;0.12073;0.0233605;0.00132757;0.000489103;0.00125927
135000;0;0.00670257;0.00177798;0.116309;0.0237869;0.00131691;0.000485156;0.00122375
134500;0;0.00659757;0.00164416;0.110709;0.0230341;0.00131257;0.000482393;0.00123796
134000;0;0.00633821;0.00160784;0.112324;0.0226614;0.00129757;0.00047055;0.00124822
133500;0;0.00662639;0.00157468;0.110225;0.0224984;0.00135046;0.000491077;0.00121546
133000;0;0.0066402;0.00155732;0.108341;0.0218344;0.00135875;0.000491472;0.0012498
132500;0;0.00613373;0.00156718;0.107073;0.0212111;0.00132757;0.000470945;0.00122572
132000;0;0.00637927;0.00153126;0.109218;0.0220408;0.00133823;0.00047884;0.00117677
131500;0;0.00641638;0.00152534;0.112204;0.0230881;0.0716669;0.0239625;0.0771714
131000;0;0.00653914;0.0015656;0.106492;0.0213362;0.00132875;0.00118861;0.00116887
130500;0;0.0062636;0.00154074;0.110385;0.0217902;0.00131454;0.00108598;0.00112506
130000;0;0.00633506;0.00153876;0.111383;0.0224407;0.00132165;0.000945837;0.00113493
129500;0;0.00640809;0.00154587;0.108948;0.0220708;0.00137691;0.000751617;0.00111677
129000;0;0.00602872;0.00154074;0.113002;0.0229614;0.00151666;0.000679771;0.00113058
128500;0;0.00633111;0.00152376;0.103807;0.0209016;0.00134888;0.000666744;0.0010765
128000;0;0.00624979;0.00151192;0.107415;0.0213161;0.00134336;0.000641874;0.001084
127500;0;0.00591898;0.00152376;0.101164;0.0203683;0.00127309;0.000627663;0.00106742
127000;0;0.00627347;0.00152337;0.104753;0.0207749;0.00129914;0.000658059;0.001069
126500;0;0.00632361;0.00156284;0.100437;0.0202309;0.00128691;0.000641085;0.00105597
126000;0;0.00632558;0.00153245;0.102149;0.01997;0.00128651;0.000645427;0.00103308
125500;0;0.00605359;0.00154981;0.102267;0.0205767;0.0012727;0.000630032;0.00106742
125000;0;0.0059478;0.00153008;0.104854;0.0208578;0.0012344;0.000611083;0.00104216
124500;0;0.00614794;0.00152179;0.104193;0.0231063;0.00132915;0.000642664;0.00107295
124000;0;0.00626084;0.00176812;0.0974773;0.0200951;0.00145034;0.000620558;0.00104374
123500;0;0.00602241;0.00195326;0.103262;0.0207338;0.00220787;0.0006249;0.001084
123000;0;0.0059478;0.0019722;0.0981448;0.0197828;0.0015656;0.000618584;0.00104176
122500;0;0.00560989;0.00162482;0.102667;0.020433;0.00127506;0.000593714;0.00105518
122000;0;0.00594938;0.00156126;0.100823;0.0199119;0.00128454;0.000619768;0.00103387
121500;0;0.00592609;0.00201918;0.100763;0.0199636;0.00127072;0.00061582;0.00104887
121000;0;0.0058424;0.00217827;0.0988376;0.0194082;0.0012348;0.000631611;0.0010386
120500;0;0.00607175;0.00290265;0.0994076;0.0195716;0.00125927;0.000625295;0.00105795
120000;0;0.00576621;0.00211432;0.104183;0.021093;0.00125296;0.000610689;0.00107453
119500;0;0.00559528;0.00177404;0.0989679;0.019921;0.00122809;0.000597662;0.00104097
119000;0;0.00567621;0.00202234;0.10265;0.0212588;0.00123954;0.000602793;0.0010769
118500;0;0.0054958;0.00163824;0.111298;0.0204121;0.00121782;0.000595293;0.001069
118000;0;0.00585148;0.00154903;0.0962744;0.0193904;0.00134809;0.000623716;0.00104058
117500;0;0.00544685;0.00154547;0.0943441;0.018837;0.0012269;0.000584635;0.00101374
117000;0;0.00543738;0.0015889;0.0972187;0.0192839;0.00120914;0.000585819;0.00103347
116500;0;0.00543817;0.00165324;0.0955623;0.0187458;0.00120677;0.000582266;0.00101097
116000;0;0.00543422;0.00159837;0.0998502;0.0199068;0.0012198;0.000586608;0.00104255
115500;0;0.00534422;0.00150402;0.09992;0.0198207;0.00169627;0.000580292;0.00105874
115000;0;0.00551317;0.0014906;0.0957999;0.0192661;0.00174877;0.000586608;0.00103426
114500;0;0.00533553;0.00153995;0.0963127;0.0194907;0.00167061;0.000572397;0.0010315
114000;0;0.00538882;0.00149731;0.0978124;0.0211684;0.00167772;0.000578319;0.00102479
113500;0;0.00541882;0.00149376;0.0956819;0.019107;0.00169903;0.000582266;0.0010386
113000;0;0.00507025;0.00150165;0.096214;0.0196084;0.00167693;0.000558975;0.00103071
112500;0;0.00528934;0.00149336;0.0951372;0.0191023;0.00168482;0.000578713;0.00103347
112000;0;0.00522658;0.00147323;0.0911927;0.0182725;0.00166508;0.000565686;0.0010161
111500;0;0.00503907;0.00147047;0.0892719;0.0178983;0.00160824;0.000555423;0.000973075
111000;0;0.00512828;0.00172943;0.0904838;0.0182287;0.00162284;0.00056016;0.00101531
110500;0;0.00500078;0.00158218;0.0897286;0.0180933;0.00160548;0.000552659;0.00099005
110000;0;0.00505052;0.00159087;0.0896966;0.0179733;0.00151902;0.000559765;0.00099005
109500;0;0.0051042;0.00159245;0.0943705;0.0188007;0.0011669;0.000562923;0.00101729
109000;0;0.00518631;0.00170456;0.094037;0.0208578;0.00117361;0.000560949;0.0010236
108500;0;0.00539672;0.0018218;0.088493;0.0184951;0.00121585;0.000596872;0.000982944
108000;0;0.00498972;0.00171127;0.0868417;0.0181225;0.00115703;0.000548317;0.000979391
107500;0;0.00493604;0.00170338;0.0904344;0.018389;0.00113966;0.000547922;0.00100229
107000;0;0.00499525;0.00164258;0.0870399;0.017659;0.00112821;0.000537659;0.000979391
106500;0;0.00486932;0.00163232;0.0887595;0.0176788;0.00131928;0.000538053;0.000994392
106000;0;0.00485551;0.00205747;0.0923261;0.0179749;0.00114479;0.000543185;0.00100742
105500;0;0.00457997;0.00172311;0.0829032;0.0168533;0.00108874;0.000515947;0.000963206
105000;0;0.00491433;0.00165679;0.0855205;0.017631;0.00115111;0.000546343;0.000974259
104500;0;0.00494117;0.00167811;0.0860191;0.0173117;0.00115387;0.000549501;0.000983734
104000;0;0.00487919;0.00161021;0.0838953;0.0168628;0.00114203;0.000543185;0.000958469
103500;0;0.00474932;0.00156718;0.087692;0.0174972;0.00112624;0.000532922;0.000979391
103000;0;0.0047659;0.00157389;0.0829147;0.0168545;0.0011444;0.000537659;0.000953732
102500;0;0.00473234;0.00161969;0.0877299;0.0183929;0.001129;0.000534106;0.000958864
102000;0;0.00496367;0.00163153;0.0839865;0.016924;0.0011365;0.000541606;0.000969128
101500;0;0.00504973;0.00158534;0.0808335;0.0163895;0.00117637;0.000558186;0.000951364
101000;0;0.00457405;0.00168877;0.0832581;0.0168001;0.00111677;0.000523447;0.000946232
100500;0;0.00459813;0.00158376;0.0820652;0.0163295;0.00108716;0.0005195;0.000930441
100000;0;0.00458234;0.00181272;0.080712;0.0162288;0.00108558;0.000515552;0.0009486
99500;0;0.00444299;0.00173614;0.0842596;0.0170393;0.00109427;0.000512394;0.000978602
99000;0;0.00468616;0.00157311;0.07917;0.0166224;0.00114993;0.000528579;0.000926889
98500;0;0.00419824;0.00155021;0.0897921;0.0174565;0.00105163;0.000496604;0.000953337
98000;0;0.00435219;0.0016943;0.0812532;0.016461;0.00109584;0.00051042;0.000967549
97500;0;0.00431272;0.00161179;0.0818753;0.0162458;0.00108479;0.000505683;0.000943468
97000;0;0.00446865;0.00159047;0.0780288;0.0184355;0.00110256;0.000517131;0.000918204
96500;0;0.00472603;0.00158297;0.0766203;0.0165727;0.00110098;0.000521079;0.000924915
96000;0;0.00435535;0.00163548;0.0786115;0.0157464;0.00108361;0.000505683;0.000917415
95500;0;0.00452589;0.00155771;0.0744112;0.0152052;0.0010994;0.000519105;0.000921362
95000;0;0.00441259;0.00155139;0.0781377;0.0161246;0.00108242;0.000510815;0.000942679
94500;0;0.00433561;0.00156639;0.0774477;0.0155455;0.00108124;0.000504104;0.000913862
94000;0;0.00411021;0.00163824;0.0777517;0.0153008;0.00105321;0.000498183;0.000914256
93500;0;0.00429732;0.00168916;0.0776581;0.015356;0.00107926;0.000505683;0.000905967
93000;0;0.0043139;0.00157784;0.0764809;0.0152471;0.00108953;0.000506868;0.000903993
92500;0;0.00400757;0.00159284;0.0731575;0.0146139;0.00104492;0.000479629;0.000895308
92000;0;0.0040052;0.00160034;0.0790899;0.0158183;0.00104571;0.000483577;0.000927678
91500;0;0.00400994;0.00152652;0.0768141;0.0155072;0.00106782;0.00048634;0.000929257
91000;0;0.00406047;0.0014985;0.0741973;0.0149929;0.00106505;0.000489498;0.000884255
90500;0;0.00411415;0.00147718;0.0760803;0.0153225;0.0010615;0.000493841;0.000900835
90000;0;0.00389743;0.00148547;0.0771516;0.0157938;0.00104097;0.000476866;0.000924915
89500;0;0.00399375;0.00150008;0.0783454;0.0155814;0.00105045;0.000484366;0.000918994
89000;0;0.00392625;0.00152376;0.076164;0.0152183;0.00105084;0.000481603;0.000903203
88500;0;0.00375532;0.00156166;0.0720972;0.014443;0.00101176;0.000464234;0.000902414
88000;0;0.00399612;0.00154034;0.073026;0.0146415;0.00103505;0.000482393;0.000906361
87500;0;0.00385125;0.00153363;0.0727466;0.0146269;0.00103663;0.000474892;0.000914256
87000;0;0.0040502;0.0015435;0.0707361;0.0140794;0.00108598;0.000496209;0.000880702
86500;0;0.00378453;0.00159798;0.0680572;0.0134462;0.00101689;0.000465813;0.00087636
86000;0;0.00363847;0.00160271;0.0724047;0.0145819;0.00100545;0.000455944;0.000906756
85500;0;0.00526842;0.00167772;0.0678776;0.0136763;0.00103979;0.000473708;0.000886624
85000;0;0.00367913;0.00178588;0.0706082;0.013822;0.00102281;0.000468971;0.000888597
84500;0;0.00376756;0.00166864;0.0719791;0.0145022;0.00105953;0.000478445;0.000939916
84000;0;0.00383664;0.00163982;0.0653962;0.0131458;0.00103031;0.00046976;0.000849516
83500;0;0.00359505;0.00159245;0.0677659;0.0134766;0.00100466;0.000458707;0.000873597
83000;0;0.00357018;0.00150402;0.065813;0.0132899;0.00100979;0.000459102;0.000838068
82500;0;0.00328161;0.00148942;0.0706046;0.014531;0.000976233;0.000438575;0.00089215
82000;0;0.00344386;0.00158692;0.0682672;0.0136006;0.00100742;0.000450812;0.000857411
81500;0;0.00326424;0.00159876;0.0673115;0.0137363;0.000953337;0.00043068;0.000850306
81000;0;0.00341899;0.00155021;0.0659413;0.0132082;0.000997155;0.000449628;0.00086807
80500;0;0.00322477;0.00209261;0.0658513;0.0130862;0.000963601;0.000431864;0.000839647
80000;0;0.0033128;0.00234051;0.0673447;0.0130514;0.00098926;0.000441733;0.000847543
79500;0;0.00317582;0.00166429;0.0668102;0.013021;0.000953337;0.000427916;0.000834121
79000;0;0.00325674;0.00237644;0.0679151;0.0136009;0.000950574;0.000431469;0.000874781
78500;0;0.00326385;0.00162916;0.0663073;0.0132753;0.000969522;0.000436996;0.000874781
78000;0;0.00317621;0.00219879;0.0655395;0.0131174;0.000953337;0.000439759;0.000872018
77500;0;0.0030795;0.00197734;0.0637911;0.0126784;0.000937942;0.000420416;0.000842016
77000;0;0.00318095;0.00234091;0.0638661;0.0128505;0.000973075;0.000433048;0.000842411
76500;0;0.0032824;0.0022284;0.0609935;0.0122177;0.000945442;0.0004216;0.000836884
76000;0;0.00321885;0.00245697;0.0622543;0.0125533;0.000978602;0.000433048;0.000834516
75500;0;0.00302818;0.00205273;0.0667455;0.0127743;0.0009336;0.000416074;0.000840437
75000;0;0.00290857;0.00223867;0.0613424;0.0123433;0.000935573;0.000409757;0.000806488
74500;0;0.00295396;0.00175864;0.0639486;0.0134853;0.000929652;0.000410547;0.000837674
74000;0;0.00306726;0.0019426;0.0598052;0.0119256;0.000929652;0.000416863;0.000818331
73500;0;0.00301436;0.00189799;0.0606658;0.0120638;0.000953337;0.000420021;0.000832147
73000;0;0.00284106;0.00218379;0.0581165;0.0118849;0.000913467;0.000401862;0.000826226
72500;0;0.00292238;0.00160745;0.0615686;0.0123279;0.000947416;0.000414889;0.000845964
72000;0;0.00291765;0.0017689;0.060804;0.0121103;0.0009486;0.00041331;0.000815962
71500;0;0.00272935;0.00192681;0.059461;0.0117906;0.000904388;0.000395941;0.000815962
71000;0;0.00287107;0.00186167;0.0597693;0.0119355;0.00091702;0.000406994;0.000817146
70500;0;0.00277396;0.00156442;0.0636368;0.0110449;0.000922941;0.000401467;0.000779644
70000;0;0.00281659;0.00158258;0.0573976;0.0114341;0.000918204;0.000403441;0.000813594
69500;0;0.00271474;0.00231327;0.0555723;0.0111614;0.000910309;0.000394362;0.000805698
69000;0;0.00282843;0.00263855;0.0583146;0.011682;0.000938731;0.000409757;0.000812014
68500;0;0.00268908;0.00254736;0.0544148;0.0108171;0.00090873;0.000395151;0.000767012
68000;0;0.00270171;0.00263184;0.0578224;0.0116173;0.000909914;0.000397125;0.000813199
67500;0;0.0026875;0.00176851;0.0532475;0.0106047;0.000909125;0.000390414;0.000784382
67000;0;0.00272698;0.00159679;0.0539893;0.0106644;0.000900835;0.000389625;0.000785961
66500;0;0.00275422;0.00154824;0.0529767;0.0106213;0.000912677;0.000396336;0.000786355
66000;0;0.00277198;0.00152613;0.0551901;0.0115549;0.000905572;0.000395151;0.000805304
65500;0;0.00264842;0.00152731;0.0521497;0.0109391;0.00090044;0.000387256;0.000804514
65000;0;0.00259868;0.00174877;0.0532479;0.0114353;0.000870438;0.000375414;0.000793856
64500;0;0.00264605;0.00157271;0.0556816;0.0108266;0.000883465;0.000382519;0.000882281
64000;0;0.00262316;0.00178272;0.0507657;0.0102471;0.000903993;0.000378572;0.000783592
63500;0;0.00254776;0.00201484;0.052216;0.0104768;0.000868859;0.000371071;0.000787934
63000;0;0.0025671;0.00170377;0.0614553;0.010932;0.000897282;0.000375019;0.000823068
62500;0;0.00256434;0.00155021;0.054626;0.0108961;0.000875176;0.000372256;0.000797014
62000;0;0.00260776;0.00208037;0.0485981;0.00970036;0.000876755;0.000374624;0.000769381
61500;0;0.00239025;0.00240052;0.0506619;0.0101417;0.000855438;0.00035765;0.00076267
61000;0;0.00246565;0.00218182;0.0514806;0.0101855;0.000832542;0.000355281;0.000769776
60500;0;0.00248065;0.00161574;0.0501132;0.0100545;0.000863333;0.00036436;0.000781223
60000;0;0.00236854;0.00158416;0.0491551;0.00991589;0.000855043;0.000355676;0.000782408
59500;0;0.00238078;0.00242262;0.0466772;0.00943192;0.000850306;0.000354492;0.000741353
59000;0;0.00244078;0.00269579;0.048966;0.00988905;0.000860964;0.000363571;0.000769776
58500;0;0.00229748;0.00272185;0.0470195;0.00934902;0.000821489;0.000344228;0.000745695
58000;0;0.00215103;0.00235512;0.0476688;0.009863;0.000817936;0.000333964;0.000753196
57500;0;0.00226748;0.00255092;0.0479657;0.00967983;0.000836489;0.000343438;0.000728326
57000;0;0.00227064;0.00224735;0.0466113;0.00940074;0.000849122;0.000347386;0.000754775
56500;0;0.00236854;0.00242183;0.0443079;0.00894637;0.000837279;0.000352518;0.000730695
56000;0;0.00228525;0.00212063;0.0451673;0.00889703;0.000846358;0.00034936;0.000744906
55500;0;0.0022809;0.00271158;0.0451203;0.00945719;0.000839647;0.000346596;0.000712536
55000;0;0.00221458;0.00236617;0.0448633;0.00929691;0.000815173;0.000336333;0.000757143
54500;0;0.00226156;0.00168956;0.0447307;0.00937271;0.000832937;0.000343438;0.000807277
54000;0;0.00215063;0.0015889;0.0466618;0.00900756;0.000826226;0.000334359;0.00078675
53500;0;0.00211669;0.00157389;0.0446505;0.00888281;0.00081162;0.000330806;0.000735037
53000;0;0.00199944;0.00161811;0.0432405;0.0086882;0.000783987;0.000316595;0.000738195
52500;0;0.00202905;0.00163153;0.0444855;0.00900203;0.00077017;0.0003162;0.000748064
52000;0;0.00214234;0.0022659;0.0423471;0.00864083;0.000806883;0.000331596;0.000748853
51500;0;0.00204247;0.00234091;0.0481579;0.00848727;0.000784776;0.000320148;0.0007303
51000;0;0.00201523;0.00159521;0.0403501;0.00818331;0.000866491;0.000318963;0.000720431
50500;0;0.00200023;0.00160034;0.0400402;0.00806527;0.000790698;0.000318963;0.000697535
50000;0;0.00199905;0.00163192;0.0399328;0.00803567;0.000781223;0.0003162;0.000722405
49500;0;0.00190746;0.0015131;0.0405628;0.00812843;0.000765038;0.000307515;0.000712536
49000;0;0.00198365;0.00182812;0.0414818;0.00805462;0.000778855;0.000314621;0.000711352
48500;0;0.00197694;0.00164021;0.0404286;0.00817502;0.000776092;0.000312252;0.000722799
48000;0;0.00189996;0.00158376;0.0400954;0.00838266;0.000767012;0.000307515;0.000724773
47500;0;0.00183443;0.00180759;0.0393813;0.00792987;0.000754775;0.000298831;0.000710167
47000;0;0.00192562;0.0016864;0.0372066;0.00744866;0.000787934;0.000312647;0.000719247
46500;0;0.00183128;0.0018297;0.0380999;0.00758683;0.000761486;0.000301989;0.000702272
46000;0;0.0019497;0.00154389;0.0398779;0.00799343;0.000791882;0.000314621;0.000711352
45500;0;0.00181509;0.00152652;0.035161;0.00707009;0.000781618;0.000300015;0.000663981
45000;0;0.00186049;0.00149494;0.0368628;0.00741235;0.000748459;0.000295673;0.000677008
44500;0;0.00172588;0.00169982;0.037492;0.00746288;0.000751222;0.00029212;0.000685298
44000;0;0.00167535;0.00157587;0.0357582;0.00713404;0.000735826;0.000286593;0.00069714
43500;0;0.00175311;0.00155297;0.0359513;0.00714944;0.000759117;0.000295673;0.000685298
43000;0;0.00162561;0.00159087;0.0364285;0.00717036;0.000732668;0.000281462;0.000681745
42500;0;0.00168166;0.00206971;0.0353335;0.00694495;0.0007303;0.000284225;0.000671086
42000;0;0.0016039;0.00191852;0.0359292;0.00710799;0.000690429;0.000270408;0.000680561
41500;0;0.0016789;0.00169864;0.0336984;0.00668402;0.000724379;0.000275935;0.000658059
41000;0;0.00159403;0.00152297;0.033936;0.00676613;0.000704641;0.000274751;0.000686482
40500;0;0.00175627;0.00166193;0.0329255;0.00733616;0.000742537;0.000281856;0.000666744
40000;0;0.00193589;0.00157034;0.0334643;0.00744077;0.000735432;0.000279883;0.000672665
39500;0;0.00193352;0.00220314;0.0332014;0.0066777;0.000711746;0.000274356;0.000672271
39000;0;0.00164021;0.00171798;0.0333186;0.00683205;0.000712536;0.000277119;0.000695561
38500;0;0.00156679;0.00162442;0.0310701;0.00625255;0.000728326;0.000275145;0.000650164
38000;0;0.00148468;0.00157982;0.030654;0.00616965;0.000713325;0.00026804;0.000649769
37500;0;0.00149889;0.00151389;0.0305431;0.00607215;0.000702272;0.00026804;0.000637137
37000;0;0.00139744;0.0016789;0.029962;0.0059928;0.000707799;0.000262908;0.000656875
36500;0;0.00143415;0.00188102;0.0301369;0.00606741;0.000691614;0.000261329;0.000638716
36000;0;0.00143178;0.00164021;0.0291954;0.00587714;0.00069714;0.000261329;0.000634769
35500;0;0.00134099;0.00160232;0.0287928;0.00579345;0.000667139;0.000249881;0.000627663
35000;0;0.00140218;0.00171482;0.0292384;0.0058499;0.000701877;0.00025896;0.000652533
34500;0;0.00133072;0.00226117;0.0285981;0.00576187;0.000668323;0.00025225;0.000644638
34000;0;0.00138994;0.00164614;0.0286503;0.00577529;0.000687271;0.000256592;0.000639901
33500;0;0.00127506;0.00201958;0.0288993;0.00569279;0.000663586;0.000245539;0.000627663
33000;0;0.00133586;0.00253552;0.0278536;0.00578555;0.0118123;0.00554436;0.012815
32500;0;0.00132954;0.00256829;0.0268616;0.00531619;0.000702667;0.000350544;0.000577529
32000;0;0.00129599;0.00254658;0.0265111;0.0052925;0.00066556;0.000337122;0.000571213
31500;0;0.00126875;0.00276803;0.0254867;0.00508486;0.00065648;0.000329227;0.000555028
31000;0;0.00121032;0.00252644;0.0252494;0.00502288;0.000646217;0.000320937;0.000563713
30500;0;0.00116966;0.00214195;0.0250445;0.00498933;0.000639506;0.0003162;0.000558975
30000;0;0.00127901;0.00156324;0.0250082;0.00493209;0.000647006;0.000312647;0.00055187
29500;0;0.00115545;0.00195247;0.0236128;0.00467273;0.000639111;0.000313437;0.000537264
29000;0;0.00112545;0.0019272;0.0237403;0.00476037;0.000635558;0.000318174;0.000525816
28500;0;0.00113966;0.00154508;0.0227463;0.00454444;0.000676613;0.000352123;0.000517526
28000;0;0.00107097;0.00176496;0.0230419;0.0046001;0.000617005;0.000319358;0.000534501
27500;0;0.00104532;0.0015281;0.023235;0.00464629;0.000601609;0.00029212;0.000541606
27000;0;0.0010844;0.001566;0.0222169;0.0044572;0.000680561;0.000295673;0.000527
26500;0;0.00101374;0.00150994;0.022344;0.0044718;0.000588977;0.000321727;0.000527
26000;0;0.000993997;0.00153639;0.0216796;0.00432693;0.000586214;0.000281856;0.000529369
25500;0;0.000930836;0.00154468;0.02096;0.00419311;0.000563713;0.000357255;0.00050371
25000;0;0.00100189;0.00149494;0.0205013;0.00405731;0.000758722;0.000286593;0.000498972
24500;0;0.000918994;0.00149534;0.0200497;0.0038544;0.000558975;0.000286593;0.000483577
24000;0;0.000959259;0.00190865;0.020251;0.00404862;0.000569634;0.000276724;0.000508447
23500;0;0.000887018;0.00160824;0.0198886;0.00389349;0.000560555;0.000301594;0.000482787
23000;0;0.000816752;0.00148468;0.0187794;0.00538882;0.000527395;0.000270408;0.000476077
22500;0;0.000841621;0.00151902;0.0176496;0.00352439;0.000530158;0.00025067;0.000474892
22000;0;0.000841621;0.0015885;0.0178809;0.00361676;0.000545949;0.00025225;0.000474892
21500;0;0.000886229;0.00152139;0.0172899;0.00337635;0.000530948;0.000277514;0.000458313
21000;0;0.00077846;0.00144402;0.0169058;0.00346004;0.000526211;0.000248302;0.00045397
20500;0;0.000772144;0.001551;0.0172367;0.00346281;0.00051871;0.000241196;0.000463839
20000;0;0.000765433;0.00219524;0.0166469;0.00333056;0.000541606;0.000240012;0.000450023
19500;0;0.000716089;0.00230617;0.0165995;0.00331556;0.000490683;0.000231722;0.000448049
19000;0;0.000671876;0.00168403;0.0168305;0.00316516;0.000489498;0.000221853;0.000440154
18500;0;0.000698719;0.00177246;0.0149427;0.00302107;0.000499367;0.000227775;0.000442917
18000;0;0.000661612;0.0026575;0.0144899;0.00300331;0.000481998;0.000218695;0.000431469
17500;0;0.000654112;0.00148784;0.014546;0.00293541;0.000476077;0.00023488;0.000436206
17000;0;0.000627268;0.00147757;0.013449;0.00298002;0.000481603;0.000213563;0.000423574
16500;0;0.000583056;0.00148586;0.0132397;0.00275738;0.000468971;0.000201326;0.000418047
16000;0;0.000566081;0.00160113;0.013387;0.00266895;0.000459102;0.000202115;0.000420811
15500;0;0.000534895;0.00147639;0.0127139;0.0025375;0.000458707;0.00019501;0.000408178
15000;0;0.000508052;0.00152929;0.0118948;0.00237486;0.000461865;0.000193431;0.000398309
14500;0;0.000493446;0.00200142;0.012226;0.00245697;0.000439364;0.000187904;0.000413705
14000;0;0.000466208;0.00181312;0.0115443;0.00239302;0.000422784;0.000180799;0.000400678
13500;0;0.00047805;0.00189246;0.0112577;0.00235078;0.000647006;0.000188299;0.000393967
13000;0;0.000421205;0.00143178;0.0104153;0.00208668;0.000674244;0.000177246;0.000386862
12500;0;0.00039752;0.00143257;0.0104634;0.00209182;0.000656086;0.000173298;0.000392388
12000;0;0.000395151;0.00163785;0.00960996;0.00192049;0.000426337;0.000172509;0.000371861
11500;0;0.000345807;0.00158771;0.018203;0.00190273;0.00039752;0.000165403;0.000376993
11000;0;0.000322516;0.00149336;0.0100852;0.00183246;0.000406994;0.000164614;0.000367913
10500;0;0.000307121;0.00165127;0.00846398;0.00170732;0.000380151;0.000157508;0.000365939
10000;0;0.000277909;0.00153837;0.00808422;0.00162324;0.000386467;0.000154745;0.000367124
9500;0;0.000248302;0.00143731;0.00812488;0.00168522;0.000380151;0.000151587;0.000345807
9000;0;0.000226985;0.00150718;0.00700575;0.00140849;0.000403047;0.000149218;0.000358044
8500;0;0.000212774;0.00154271;0.00705549;0.00145823;0.00273922;0.00179772;0.00288883
8000;0;0.000201326;0.00138599;0.00647835;0.00129954;0.000352518;0.000181193;0.000305147
7500;0;0.000193826;0.00144836;0.00603465;0.00120953;0.000344228;0.000174088;0.000298436
7000;0;0.000177641;0.0014006;0.00554554;0.00111163;0.000322911;0.00016185;0.000288962
6500;0;0.000166587;0.00214708;0.00533711;0.00108203;0.000311068;0.00015435;0.00028383
6000;0;0.000150008;0.00205905;0.00488669;0.000999919;0.000299226;0.000144876;0.000270408
5500;0;0.000146455;0.00177404;0.00418561;0.000849122;0.000322911;0.000138954;0.00025225
5000;0;0.000128691;0.0019722;0.00392072;0.000797014;0.000267645;0.000129875;0.000250276
4500;0;0.000124348;0.00212221;0.00366689;0.00078754;0.000266461;0.000126322;0.000240802
4000;0;0.000109348;0.00174009;0.00307831;0.000630032;0.00024396;0.000115664;0.00022738
3500;0;0.000101452;0.00212695;0.00268356;0.000553449;0.000229748;0.000106584;0.000214748
3000;0;8.60569e-05;0.00203655;0.00226946;0.000466997;0.000220274;0.000101058;0.000213169
2500;0;7.4609e-05;0.00241512;0.00185496;0.000401862;0.000939521;0.000722405;0.000917809
2000;0;5.80293e-05;0.00290265;0.00152929;0.00032528;0.000189483;9.90839e-05;0.00017764
1500;0;5.44764e-05;0.00226196;0.00104255;0.000237643;0.000165403;8.7636e-05;0.000151587
1000;0;3.47386e-05;0.00197141;0.000647401;0.000156718;0.000434232;0.000345807;0.000403441
500;0;2.84225e-05;0.002048;0.000282646;0.000110532;0.000386862;0.000318174;0.000330806
